26.6
27.2
27.8
28.3
28.7
29.2
29.6
29.8
30.1
30.3
30.5
30.7
30.8
31.0
31.2
31.3
31.3
31.4
31.5
31.6
31.6
31.6
31.6
31.6
31.5
31.5
31.5
31.5
31.5
31.5
31.5
31.5
31.4
31.4
31.4
31.4
31.5
31.5
31.5
31.6
31.6
31.7
31.6
31.7
31.7
31.7
31.8
31.8
31.8
31.8
31.8
31.8
31.8
31.7
31.7
31.7
31.7
31.7
31.8
31.7
31.7
31.7
31.7
31.7
31.7
31.7
31.6
31.6
31.6
31.5
31.5
31.5
31.5
31.6
31.6
31.5
31.6
31.6
31.6
31.6
31.7
31.7
31.7
31.7
31.7
31.7
31.7
31.7
31.7
31.8
31.7
31.7
31.7
31.7
31.7
31.7
31.7
31.6
31.7
31.7
31.7
31.7
31.7
31.7
31.7
31.7
31.7
31.7
31.7
31.7
31.7
31.7
31.6
31.7
31.7
31.7
31.7
31.7
31.6
31.6
31.6
31.5
31.5
31.6
31.6
31.6
31.6
31.7
31.7
31.7
31.7
31.7
31.7
31.8
31.7
31.7
31.7
31.7
31.7
31.8
31.8
31.8
31.8
31.8
31.8
31.8
31.8
31.7
31.8
31.8
31.7
31.7
31.7
31.7
31.8
31.8
31.7
31.7
31.8
31.8
31.8
31.7
31.8
31.8
31.8
31.8
