26.8
27.1
27.4
27.7
27.9
28.1
28.3
28.5
28.7
28.7
28.8
29.1
29.1
29.1
29.2
29.3
29.3
29.3
29.3
29.3
29.3
29.4
29.4
29.4
29.4
29.4
29.4
29.4
29.4
29.4
29.3
29.3
29.3
29.5
29.5
29.4
29.4
29.4
29.5
29.6
29.5
29.4
29.5
29.5
29.5
29.5
29.5
29.5
29.5
29.5
29.5
29.4
29.4
29.4
29.4
29.4
29.4
29.4
29.5
29.5
29.4
29.4
29.4
29.4
29.3
29.3
29.3
29.3
29.3
29.3
29.3
29.3
29.3
29.3
29.3
29.3
29.3
29.3
29.3
29.3
29.3
29.3
29.2
29.3
29.3
29.3
29.3
29.3
29.3
29.2
29.3
29.2
29.3
29.3
29.4
29.6
29.7
29.7
29.6
29.6
29.5
29.5
29.5
29.5
29.5
29.4
29.4
29.4
29.4
29.4
29.4
29.3
29.3
29.4
29.3
29.3
29.3
29.3
29.3
29.3
29.3
29.3
29.3
29.3
29.3
29.3
29.3
29.3
29.3
29.2
29.2
29.3
29.2
29.2
29.2
29.2
29.2
29.2
29.2
29.2
29.3
29.3
29.3
29.3
29.3
29.4
29.4
29.4
29.4
29.4
29.3
29.3
29.3
29.3
29.3
29.3
29.3
29.3
29.3
29.3
29.3
29.3
29.3
29.2
29.2
29.2
29.2
29.2
29.2
29.2
29.2
29.2
29.2
29.2
29.2
29.2
29.2
29.3
29.3
