26.5
26.8
27.1
27.3
27.6
27.8
27.9
28.1
28.2
28.4
28.5
28.6
28.6
28.7
28.8
28.8
28.8
28.9
28.9
29.0
28.9
29.0
28.9
29.0
29.0
29.1
29.1
29.0
29.0
29.1
29.0
29.1
29.1
29.0
29.0
29.0
29.0
29.0
29.1
29.1
29.1
29.1
29.1
29.1
29.1
29.1
29.2
29.1
29.1
29.1
29.1
29.1
29.1
29.1
29.1
29.0
29.1
29.0
29.1
29.2
29.2
29.1
29.1
29.1
29.1
29.0
29.1
29.1
29.1
29.1
29.0
29.0
29.0
29.0
29.0
29.0
29.0
29.0
29.0
29.0
29.0
29.0
29.1
29.0
29.0
29.1
29.1
29.2
29.2
29.1
29.1
29.1
29.1
29.1
29.1
29.1
29.1
29.1
29.0
29.0
29.0
29.0
29.0
29.0
29.1
29.0
29.0
29.0
29.0
29.0
29.0
29.0
28.9
28.9
28.9
29.0
28.9
28.9
28.9
29.0
28.9
29.0
28.9
28.9
28.9
28.9
29.0
28.9
28.9
29.0
29.0
29.0
28.9
29.0
29.0
28.9
29.0
29.0
29.0
29.0
29.0
29.0
29.0
29.0
29.0
29.0
29.0
29.0
29.0
28.9
29.0
29.0
29.0
29.0
29.0
29.0
29.0
29.1
29.0
29.1
29.1
29.0
29.0
29.0
29.0
29.0
29.0
29.0
29.0
29.1
29.0
29.0
29.0
29.6
38.0
30.3
30.2
30.0
30.0
29.9
29.8
30.0
29.9
29.8
29.7
29.6
29.5
29.4
29.4
29.3
29.2
29.2
29.3
29.3
29.2
29.2
29.1
