26.6
27.1
27.7
28.2
28.7
29.1
29.5
29.8
30.0
30.2
30.4
30.6
30.7
30.9
31.0
31.0
31.1
31.1
31.3
31.4
31.5
31.5
31.6
31.6
31.6
31.7
31.7
31.7
31.7
31.7
31.7
31.7
31.7
31.7
31.8
31.8
31.8
31.7
31.6
31.6
31.6
31.7
31.7
31.7
31.7
31.7
31.7
31.7
31.7
31.7
31.7
31.7
31.7
31.7
31.7
31.7
31.7
31.7
31.7
31.7
31.7
31.7
31.6
31.6
31.7
31.7
31.7
31.7
31.6
31.6
31.6
31.6
31.6
31.7
31.7
31.7
31.7
31.7
31.7
31.7
31.7
31.7
31.7
31.7
31.7
31.7
31.7
31.7
31.6
31.6
31.6
31.5
31.5
31.4
31.4
31.4
31.5
31.5
31.5
31.5
31.5
31.6
31.6
31.6
31.6
31.6
31.6
31.6
31.7
31.6
31.7
31.7
31.7
31.8
31.8
31.7
31.7
31.7
31.7
31.6
31.6
31.7
31.7
31.7
31.6
31.7
31.7
31.7
31.7
31.7
31.7
31.7
31.7
31.7
31.8
31.8
31.7
31.7
31.8
31.7
31.8
31.8
31.8
31.7
31.8
31.8
31.8
31.8
31.8
31.7
31.7
31.7
31.7
31.7
31.7
31.7
31.7
31.7
31.7
31.7
31.7
31.7
31.7
31.7
31.7
31.7
31.5
