26.6
27.0
27.6
28.2
28.6
29.1
29.5
29.8
30.1
30.4
30.6
30.7
30.8
30.9
31.1
31.2
31.4
31.4
31.5
31.6
31.6
31.7
31.7
31.8
31.8
31.8
31.8
31.8
31.8
31.8
31.9
31.8
31.8
31.8
31.9
31.8
31.9
31.9
31.8
31.8
31.8
31.9
31.8
31.9
31.9
31.9
31.9
31.9
31.9
31.9
31.8
31.8
31.8
31.8
31.8
31.8
31.8
31.8
31.8
31.8
31.7
31.7
31.7
31.7
31.7
31.6
31.6
31.6
31.6
31.6
31.6
31.6
31.6
31.7
31.7
31.7
31.7
31.7
31.8
31.8
31.7
31.8
31.8
31.8
31.8
31.7
31.7
31.7
31.7
31.7
31.7
31.7
31.7
31.7
31.8
31.7
31.8
31.8
31.8
31.8
31.7
31.8
31.7
31.7
31.8
31.8
31.8
31.8
31.8
31.8
31.8
31.8
31.8
31.8
31.8
31.8
31.8
31.8
31.8
31.9
31.8
31.8
31.8
31.8
31.9
31.9
31.9
31.9
31.8
31.8
31.9
31.8
31.9
31.9
31.9
31.9
31.8
31.9
31.8
31.8
31.8
31.8
31.9
31.9
31.8
31.8
31.8
31.8
31.9
31.9
31.8
31.8
31.9
31.9
31.8
31.9
31.9
31.9
31.9
31.9
31.8
31.8
31.8
31.8
31.8
31.8
