27.2
27.9
28.4
28.9
29.2
29.6
29.9
30.2
30.4
30.6
30.8
31.0
31.1
31.2
31.4
31.4
31.6
31.6
31.6
31.7
31.7
31.8
31.8
31.9
31.9
31.9
31.9
31.9
31.9
31.9
31.9
32.0
31.9
31.9
31.9
31.9
31.9
31.9
32.0
31.9
31.9
31.9
31.9
31.9
31.9
31.9
31.9
31.9
31.9
31.9
31.9
31.8
31.8
31.8
31.7
31.7
31.8
31.8
31.8
31.8
31.8
31.9
31.9
31.8
31.8
31.8
31.8
31.8
31.8
31.8
31.8
31.8
31.8
31.8
31.8
31.8
31.8
31.8
31.8
31.8
31.9
31.8
31.9
31.9
31.9
31.8
31.8
31.8
31.8
31.8
31.9
31.9
31.9
31.9
32.0
31.9
31.9
31.9
31.9
31.9
31.9
31.9
31.8
31.8
31.8
31.9
31.9
31.8
31.8
31.8
31.7
31.8
31.8
31.8
31.8
31.8
31.9
31.9
31.9
31.9
31.9
31.9
31.9
31.9
31.9
31.9
31.9
31.9
31.9
31.8
31.8
31.8
31.8
31.8
31.8
31.8
31.8
31.8
31.8
31.8
31.8
31.7
31.7
31.8
31.8
31.7
31.7
31.7
31.8
31.8
31.8
31.8
31.8
31.8
31.8
31.9
31.8
31.9
31.8
31.9
31.9
31.9
31.9
31.9
31.9
