26.8
27.2
27.8
28.4
28.8
29.2
29.7
30.0
30.3
30.5
30.6
30.8
31.0
31.1
31.3
31.4
31.5
31.5
31.6
31.7
31.7
31.8
31.8
31.8
31.9
31.8
31.9
31.9
31.9
31.9
31.9
31.9
31.9
31.9
31.9
31.9
31.9
31.9
31.8
31.8
31.7
31.7
31.8
31.8
31.8
31.8
31.8
31.8
31.8
31.8
31.8
31.8
31.8
31.9
31.8
31.8
31.9
31.9
31.9
31.8
31.7
31.7
31.7
31.7
31.7
31.7
31.8
31.8
31.8
31.8
31.8
31.8
31.8
31.7
31.7
31.7
31.7
31.6
31.6
31.6
31.7
31.7
31.7
31.8
31.8
31.8
31.7
31.8
31.7
31.7
31.6
31.6
31.6
31.6
31.6
31.6
31.6
31.6
31.7
31.7
31.7
31.7
31.7
31.7
31.7
31.7
31.7
31.7
31.7
31.7
31.8
31.7
31.7
31.7
31.8
31.7
31.7
31.7
31.8
31.8
31.8
31.7
31.7
31.8
31.8
31.8
31.9
31.8
31.9
31.9
31.8
31.8
31.8
31.8
31.9
31.9
31.8
31.8
31.8
31.9
31.9
31.8
31.9
31.8
31.8
31.8
31.8
31.8
31.8
31.9
31.8
31.8
31.8
31.8
31.8
31.7
31.7
31.7
31.7
31.7
31.8
31.8
31.7
31.8
31.7
31.8
