26.9
27.5
28.0
28.4
28.7
28.9
29.3
29.5
29.7
29.9
30.0
30.2
30.2
30.2
30.2
30.3
30.3
30.3
30.2
30.3
30.2
30.2
30.2
30.2
30.2
30.2
30.2
30.3
30.4
30.4
30.5
30.5
30.5
30.6
30.6
30.6
30.6
30.6
30.6
30.6
30.7
30.6
30.6
30.6
30.7
30.7
30.7
30.6
30.6
30.7
30.7
30.6
30.7
30.6
30.6
30.7
30.7
30.7
30.7
30.7
30.7
30.7
30.7
30.7
30.7
30.7
30.7
30.7
30.6
30.6
30.7
30.7
30.6
30.6
30.6
30.6
30.7
30.6
30.5
30.5
30.4
30.4
30.3
30.3
30.3
30.4
30.4
30.4
30.4
30.4
30.4
30.4
30.4
30.4
30.4
30.4
30.4
30.4
30.4
30.4
30.4
30.4
30.4
30.4
30.4
30.4
30.4
30.3
