26.5
27.1
27.7
28.3
28.8
29.2
29.5
29.8
30.1
30.3
30.5
30.8
30.9
31.0
31.1
31.3
31.3
31.4
31.4
31.5
31.6
31.6
31.6
31.7
31.7
31.7
31.7
31.7
31.7
31.7
31.8
31.8
31.8
31.8
31.8
31.8
31.8
31.8
31.7
31.7
31.7
31.7
31.7
31.7
31.7
31.7
31.7
31.7
31.7
31.7
31.7
31.7
31.7
31.7
31.7
31.7
31.8
31.7
31.7
31.7
31.7
31.7
31.8
31.8
31.7
31.7
31.7
31.6
31.6
31.6
31.6
31.6
31.6
31.6
31.6
31.5
31.5
31.5
31.5
31.5
31.5
31.5
31.6
31.5
31.6
31.6
31.6
31.6
31.6
31.6
31.6
31.6
31.7
31.7
31.7
31.7
31.7
31.7
31.7
31.7
31.6
31.6
31.5
31.6
31.5
31.6
31.5
31.6
31.6
31.6
31.6
31.6
31.6
31.6
31.6
31.6
31.6
31.6
31.6
31.7
31.7
31.6
31.7
31.6
31.6
31.6
31.5
31.5
31.5
31.5
31.5
31.6
31.6
31.5
31.5
31.6
31.6
31.6
31.7
31.6
31.6
31.6
31.7
31.7
31.7
31.7
31.7
31.7
31.7
31.7
31.6
31.7
31.6
31.6
31.6
31.6
31.6
31.6
31.6
31.6
31.7
31.7
31.7
31.7
31.6
31.7
31.6
