26.5
26.9
27.1
27.4
27.5
27.7
27.8
28.0
28.2
28.3
28.4
28.4
28.4
28.5
28.5
28.5
28.6
28.6
28.7
28.7
28.8
28.7
28.7
28.8
28.8
29.1
29.0
29.0
29.1
29.2
29.1
29.1
29.0
29.0
29.0
29.0
29.0
29.0
28.9
28.9
28.8
28.8
28.8
28.8
28.7
28.8
28.8
28.8
28.7
28.7
28.7
28.7
28.7
28.7
28.8
28.7
28.7
28.7
28.7
28.7
28.7
28.7
28.7
28.7
28.7
28.7
28.7
28.6
28.7
28.7
28.7
28.7
28.7
28.7
28.7
28.6
28.6
28.7
28.7
28.7
28.6
28.6
28.6
28.6
28.6
28.6
28.6
28.6
28.6
28.6
28.6
28.6
28.6
28.5
28.5
28.5
28.5
28.5
28.4
28.5
28.4
28.5
28.5
28.5
28.5
28.6
28.5
28.5
28.6
28.6
