26.6
26.9
27.1
27.4
27.6
27.9
28.1
28.2
28.3
28.4
28.5
28.7
28.7
28.7
28.8
28.9
28.9
28.9
28.9
28.9
28.9
29.0
29.0
29.0
29.0
29.0
29.0
29.0
29.1
29.1
29.1
29.0
29.1
29.0
29.0
29.0
29.0
28.9
29.0
29.0
29.0
29.0
29.0
29.0
29.0
29.1
29.1
29.1
29.1
29.0
29.0
29.1
29.1
29.1
29.0
29.0
29.0
29.0
29.0
29.0
29.0
29.0
29.1
29.0
29.0
29.0
29.0
29.0
29.0
29.0
29.0
29.0
29.1
29.1
29.1
29.1
29.0
29.0
29.1
29.1
29.1
29.1
29.0
29.1
29.1
29.0
29.1
29.0
29.0
29.0
29.0
29.0
29.0
29.0
29.0
29.0
28.9
28.9
28.9
28.9
28.9
28.9
29.0
29.0
29.0
29.0
29.0
29.0
28.9
28.9
28.9
28.9
29.0
29.0
28.9
28.9
29.0
29.0
29.0
29.0
29.0
29.0
29.0
28.9
28.9
29.0
29.0
29.0
29.0
29.0
29.0
29.0
39.9
40.4
41.0
41.5
47.4
47.4
47.3
47.2
47.2
47.3
47.2
47.1
46.9
46.9
46.9
47.1
47.2
47.3
47.4
47.4
47.5
47.5
47.5
47.6
47.3
33.6
33.0
32.5
32.1
31.7
31.4
31.2
30.9
30.7
30.5
30.3
30.2
30.0
29.9
29.7
29.7
29.6
29.5
29.4
29.4
29.3
29.3
29.2
29.2
29.2
29.2
29.1
29.1
29.1
29.1
29.1
29.0
29.0
29.0
29.1
29.1
29.0
29.0
