26.6
27.1
27.6
28.1
28.5
28.8
29.1
29.4
29.6
29.7
29.8
29.8
29.9
30.0
30.1
30.1
30.1
30.1
30.1
30.1
30.2
30.3
30.3
30.4
30.5
30.5
30.5
30.6
30.6
30.6
30.6
30.7
30.7
30.7
30.7
30.7
30.7
30.7
30.7
30.7
30.7
30.7
30.7
30.7
31.1
31.3
39.7
30.9
30.8
30.9
30.9
30.9
31.2
31.1
31.1
31.0
31.0
30.9
30.9
30.9
30.8
30.8
30.8
30.7
30.7
30.7
30.7
30.7
30.7
30.7
30.6
30.6
30.6
30.6
30.7
30.6
30.6
30.6
30.6
30.6
30.6
30.6
30.5
30.5
30.5
30.5
30.5
30.5
30.4
30.4
30.4
30.4
30.4
30.4
30.4
30.4
30.4
30.4
30.4
30.4
30.3
30.3
30.4
30.4
30.4
30.4
30.4
30.4
30.4
