26.6
27.1
27.4
27.6
27.9
28.1
28.2
28.5
28.6
28.7
28.8
28.9
29.0
29.1
29.1
29.2
29.3
29.3
29.3
29.3
29.3
29.3
29.3
29.4
29.3
29.3
29.3
29.3
29.2
29.2
29.3
29.3
29.3
29.3
29.3
29.3
29.3
29.3
29.4
29.3
29.3
29.3
29.3
29.4
29.4
29.4
29.4
29.4
29.4
29.4
29.4
29.4
29.4
29.4
29.4
29.4
29.4
29.4
29.4
29.4
29.4
29.4
29.4
29.3
29.3
29.3
29.3
29.3
29.3
29.3
29.3
29.3
29.4
29.3
29.4
29.3
29.3
29.3
29.3
29.3
29.3
29.3
29.3
29.3
29.3
29.3
29.3
29.2
29.2
29.2
29.3
29.3
29.2
29.2
29.2
29.2
29.3
29.3
29.2
29.2
29.3
29.3
29.3
29.3
29.3
29.3
29.3
29.3
29.2
29.2
29.3
29.3
29.3
29.3
29.3
29.3
29.3
29.3
29.3
29.3
29.3
29.5
29.4
29.4
29.5
29.5
29.4
29.4
29.3
29.3
29.4
29.4
29.3
29.3
29.3
29.3
29.3
29.3
29.3
29.2
29.2
29.3
29.3
29.3
29.3
29.3
29.2
29.2
29.3
29.3
29.3
29.3
29.3
29.3
29.4
29.4
29.4
29.4
29.4
29.4
29.4
29.4
29.4
29.3
29.3
29.3
29.3
29.3
29.3
29.3
29.3
29.3
29.3
29.3
29.3
29.3
29.3
29.3
29.3
29.3
29.2
29.3
29.3
29.3
29.3
29.4
29.4
29.3
29.3
29.3
29.3
29.3
29.3
29.3
29.3
29.3
29.2
29.2
29.2
29.3
29.4
29.4
29.4
