27.0
27.2
27.4
27.5
27.6
27.7
27.8
28.0
28.1
28.1
28.3
53.0
29.7
29.6
29.5
29.6
29.6
29.8
29.8
29.8
29.7
29.6
29.6
29.6
29.8
29.8
29.6
29.6
29.5
29.5
29.7
30.3
30.4
30.5
30.7
31.1
31.3
31.3
31.9
32.0
31.7
31.3
30.9
30.6
30.4
30.2
30.3
30.3
30.1
30.0
30.4
30.3
30.2
30.0
37.0
36.8
28.4
35.3
35.3
29.1
29.1
29.0
29.0
28.9
28.9
28.9
28.9
29.1
29.0
28.9
28.8
28.8
28.7
28.7
28.7
28.7
28.8
28.7
28.7
28.7
28.7
28.7
28.7
28.6
28.6
28.6
28.7
28.7
28.6
28.6
28.6
28.6
28.7
28.7
28.7
28.6
28.6
28.6
28.7
28.6
28.7
28.7
28.7
28.7
28.8
28.9
28.8
28.8
28.8
28.8
28.9
29.0
29.0
28.9
28.9
28.9
28.9
28.8
28.7
28.7
28.8
28.8
28.7
28.7
28.8
28.8
28.8
28.8
28.8
28.8
28.8
28.7
28.7
28.8
28.8
28.8
28.8
28.8
28.8
28.9
28.8
28.8
28.8
28.8
28.8
28.8
28.7
28.7
28.7
28.7
28.7
28.7
28.7
28.7
28.7
28.6
28.6
28.6
28.5
28.5
28.5
28.5
28.5
28.5
28.5
28.6
28.5
28.5
28.5
28.5
28.5
28.5
28.5
28.5
28.6
28.5
28.5
28.4
28.4
28.5
28.4
28.3
28.4
28.4
28.4
28.4
28.4
28.4
28.4
28.4
28.4
28.3
28.3
28.4
28.4
28.3
28.3
28.4
28.5
28.4
28.4
28.4
28.5
28.5
28.5
28.5
28.5
28.5
28.5
28.5
28.6
28.6
28.6
28.6
28.6
28.7
28.7
28.7
28.6
28.6
29.0
39.3
29.1
29.0
29.1
29.1
29.0
29.0
29.1
29.1
29.1
29.1
29.1
29.0
29.0
29.0
29.0
28.9
28.8
28.8
28.7
28.6
28.5
28.5
28.4
28.4
28.4
28.3
28.3
28.3
28.4
28.3
28.3
28.2
28.2
28.2
28.2
28.2
28.2
28.3
28.3
28.3
28.3
28.3
28.2
28.2
28.2
28.1
28.2
28.2
28.3
28.3
28.3
28.4
28.3
28.4
28.4
28.3
28.3
28.3
28.2
28.2
28.3
28.3
28.3
28.2
28.2
28.2
28.2
28.2
28.1
28.2
28.2
28.1
28.1
28.1
28.2
28.1
28.1
28.0
28.0
27.9
28.0
28.0
28.1
28.0
28.0
28.0
28.0
28.0
28.0
28.1
28.1
28.0
28.1
28.1
28.1
28.2
28.2
28.2
28.2
28.2
28.2
28.2
28.2
28.1
28.1
28.1
28.2
28.1
28.1
28.1
28.2
28.2
28.1
28.1
28.1
28.1
28.1
28.2
28.2
28.3
28.2
28.2
28.3
28.3
28.3
28.3
28.3
28.2
28.3
28.3
28.3
28.3
28.3
28.2
28.1
28.1
28.1
28.1
28.1
28.1
28.0
28.0
28.1
28.1
28.2
28.2
28.2
28.3
28.2
28.2
28.2
28.2
28.2
28.2
28.2
28.2
28.1
28.2
28.1
28.1
28.1
28.1
28.1
28.1
28.1
28.1
28.0
28.0
28.1
28.1
28.2
28.2
28.2
28.1
28.1
28.1
28.1
28.0
28.1
28.0
28.0
28.1
28.0
28.0
28.0
28.0
28.0
28.1
28.1
28.1
28.0
28.1
28.1
28.1
28.0
28.1
28.1
28.2
28.1
28.1
28.1
28.1
28.1
28.1
28.1
28.0
28.1
28.0
28.0
27.9
28.1
28.0
28.0
28.0
28.0
28.1
28.1
28.1
28.0
28.1
28.1
28.1
28.0
28.0
28.0
28.0
28.0
28.0
28.0
28.0
28.1
28.0
28.1
28.1
28.1
28.1
28.1
28.0
28.0
28.0
28.0
28.0
28.0
28.1
28.1
28.1
28.0
28.0
28.1
28.0
28.0
28.0
28.0
28.0
28.0
28.0
28.0
28.2
28.2
28.2
28.1
28.1
28.1
28.1
28.1
28.0
28.0
27.9
27.9
28.0
28.0
28.0
27.9
28.0
28.0
28.0
28.0
27.9
27.9
28.0
28.1
28.0
28.0
28.0
28.0
28.0
28.0
28.0
28.0
28.0
28.0
28.0
28.0
28.0
27.9
27.9
27.9
27.9
27.9
27.9
27.9
27.9
28.0
28.0
28.0
28.0
27.9
28.0
27.9
27.9
27.9
28.0
28.0
28.0
27.9
27.9
28.0
28.0
27.9
27.8
27.9
28.0
27.9
27.9
27.9
28.0
27.9
27.9
27.8
27.9
27.9
27.9
27.9
27.9
27.9
27.9
27.9
27.9
27.9
28.0
27.9
27.9
28.0
27.9
27.9
28.0
28.0
28.0
27.9
27.9
27.9
27.9
28.5
28.4
28.3
28.2
28.2
28.2
28.1
28.1
28.1
28.1
28.1
28.0
28.0
27.9
27.9
27.9
28.0
27.9
27.9
27.9
27.9
27.9
27.9
27.9
27.8
27.8
27.9
27.9
