26.8
27.4
28.4
28.9
29.6
30.2
30.6
30.7
31.0
31.2
31.3
31.3
31.5
31.6
31.7
31.7
31.7
31.7
31.7
31.8
31.8
31.8
31.8
31.9
31.9
31.8
31.9
31.9
31.9
31.9
31.9
31.8
31.9
31.8
31.9
31.9
31.9
31.9
31.9
31.9
31.9
31.9
31.9
31.9
31.8
31.9
31.8
31.8
31.7
31.7
31.7
31.6
31.6
31.6
31.5
31.5
31.6
31.6
31.6
31.6
31.6
31.5
31.5
31.6
31.6
31.6
31.6
31.7
31.6
31.6
31.6
31.7
31.7
31.7
31.7
31.7
31.7
31.7
31.7
31.7
31.8
31.7
31.8
31.8
31.7
31.7
31.6
31.6
31.6
31.6
31.7
31.7
31.7
31.7
31.7
31.7
31.6
31.7
31.7
31.7
31.8
31.8
31.7
31.7
31.7
31.8
31.7
31.8
31.7
31.7
31.7
31.6
31.7
31.7
31.7
31.8
31.8
31.8
31.8
31.8
31.8
31.8
31.8
31.7
31.7
31.8
31.7
31.6
31.6
31.6
31.6
31.6
31.6
31.5
31.5
31.6
31.6
31.7
31.7
31.7
31.7
31.7
31.7
31.7
31.7
31.8
31.8
31.7
31.7
31.7
31.8
31.8
31.8
31.7
31.7
31.8
31.8
31.9
31.9
31.8
