26.7
26.9
27.0
27.2
27.3
27.5
27.5
27.5
27.6
27.7
27.7
27.8
27.8
27.8
27.9
27.9
28.0
28.0
28.0
28.1
28.1
28.1
28.1
28.2
28.2
28.5
28.4
28.3
28.3
28.2
28.2
28.1
28.2
28.1
28.0
28.0
28.0
28.0
27.9
28.0
28.0
28.0
28.0
28.0
28.0
27.9
27.9
27.9
27.9
28.0
28.0
28.0
28.0
27.9
27.9
28.0
28.0
28.2
28.1
28.1
28.0
28.1
28.1
28.1
28.0
28.0
28.0
28.0
27.9
27.9
28.0
27.9
27.9
27.9
27.9
27.9
27.9
27.9
27.9
27.9
27.8
27.8
27.9
27.9
27.8
27.8
27.9
27.9
27.8
27.8
27.8
27.8
27.8
27.8
27.8
27.8
27.8
27.8
27.9
27.9
27.8
27.8
27.9
27.8
27.8
27.9
27.8
27.9
27.9
27.9
27.8
27.8
27.8
27.8
27.8
27.7
27.7
27.7
27.7
27.7
27.7
27.7
27.7
27.8
27.8
27.8
27.8
27.8
27.8
27.9
27.8
27.8
27.7
27.8
27.8
27.8
27.7
27.8
27.8
27.8
27.8
27.9
28.1
28.2
28.3
28.6
28.7
29.2
29.6
29.3
29.1
29.0
28.9
28.8
28.8
29.1
28.9
28.7
28.7
28.5
28.5
28.3
28.3
28.2
28.1
28.1
28.1
28.0
27.9
28.0
28.0
28.0
27.9
27.9
27.9
27.9
27.8
27.8
27.9
27.9
27.8
27.8
27.8
27.9
27.8
27.9
27.8
27.8
27.8
27.8
27.8
27.8
27.8
27.8
27.7
27.8
27.7
27.7
27.7
27.7
27.7
27.8
27.8
27.7
27.7
27.8
27.7
27.7
27.7
27.7
27.7
27.7
27.7
27.7
27.7
27.8
27.7
27.7
27.7
27.7
27.7
27.7
27.8
27.8
27.8
27.8
27.8
27.7
27.8
27.8
27.7
27.7
27.7
27.8
27.8
27.7
27.8
27.8
27.8
27.8
27.8
27.8
27.8
27.8
27.8
27.8
27.8
27.8
27.8
27.8
27.7
27.7
27.8
27.8
27.8
27.8
27.8
27.8
27.8
27.7
27.7
27.8
27.8
27.8
27.8
27.8
27.8
27.7
27.7
27.8
27.8
27.8
27.7
27.7
27.7
27.7
27.7
27.6
27.6
27.7
27.7
27.7
27.7
27.7
27.6
27.6
27.6
27.7
27.9
27.8
27.8
27.8
27.8
27.8
27.8
27.8
27.8
27.8
27.8
27.8
27.8
27.8
27.8
27.8
27.8
27.8
27.8
27.7
27.7
27.8
27.8
27.7
27.7
27.7
27.7
27.7
27.7
27.7
27.7
27.7
27.7
27.7
27.7
27.7
27.7
27.8
27.8
27.8
27.7
27.7
27.7
27.7
27.8
27.8
27.8
27.7
27.7
27.8
27.7
27.7
27.8
27.8
27.8
27.7
27.8
27.7
27.6
27.7
27.7
27.8
27.7
27.7
27.7
27.8
27.8
27.8
27.8
27.8
27.8
27.8
27.8
27.8
27.8
27.8
27.8
27.8
27.7
27.7
27.6
27.6
27.6
27.7
27.7
27.6
27.6
27.6
27.6
27.6
27.6
27.6
27.6
27.7
27.6
27.6
27.6
27.7
27.7
27.6
27.6
27.6
27.6
27.5
27.6
27.6
27.6
27.6
27.6
27.6
27.7
27.6
27.6
27.6
27.7
27.7
27.7
27.7
27.7
27.7
27.8
27.7
27.7
27.7
27.7
27.7
27.6
27.6
27.7
27.6
27.6
27.6
27.7
27.7
27.6
27.6
27.6
27.6
27.6
27.6
27.6
27.6
27.6
27.7
27.6
27.6
27.7
27.7
27.7
27.7
27.7
27.6
27.7
27.8
27.7
27.7
27.7
27.8
27.8
27.7
27.7
27.8
27.7
27.7
27.8
27.8
27.8
27.7
27.7
27.7
27.7
27.7
27.7
27.7
27.7
27.7
27.7
27.7
27.7
27.8
27.7
27.6
27.6
27.7
27.7
27.6
27.6
27.6
27.6
27.6
27.6
27.6
27.6
27.6
27.6
27.6
27.6
27.6
27.6
27.6
27.7
27.6
27.6
27.6
27.6
27.6
27.6
27.6
27.6
27.7
27.8
27.7
27.7
27.6
27.6
27.7
27.7
27.6
27.6
27.7
27.7
27.7
27.8
27.8
27.8
27.8
27.7
27.7
27.8
27.7
27.6
27.6
27.7
27.7
27.6
27.6
27.7
27.6
27.6
27.7
27.6
27.7
27.7
27.7
27.8
27.8
27.7
27.7
27.7
27.7
27.6
27.6
27.7
27.8
27.8
27.8
27.8
27.8
27.8
27.7
27.6
27.6
27.6
27.7
27.7
27.7
27.6
27.6
27.7
27.7
27.7
27.6
27.6
27.6
27.7
27.7
27.6
27.6
27.7
27.6
27.6
27.6
27.5
27.6
27.6
27.6
27.6
27.6
27.6
27.6
27.7
