26.6
27.2
32.4
32.4
32.3
32.3
32.3
32.2
32.2
32.2
32.2
32.2
32.2
32.2
32.2
32.1
32.1
32.1
32.1
32.2
32.1
32.1
32.1
32.1
32.0
32.0
32.0
32.0
32.0
32.0
32.0
32.0
32.0
32.0
32.0
32.0
32.0
32.0
32.0
31.9
32.0
31.9
31.9
32.0
32.0
31.9
31.9
31.9
31.9
31.9
31.8
31.8
31.8
31.8
31.9
31.8
31.8
31.8
31.8
31.8
31.8
31.8
31.8
31.8
31.8
31.8
31.8
31.9
31.8
31.9
31.9
31.8
31.8
31.9
32.0
32.0
31.9
31.9
31.9
31.9
31.9
31.8
31.9
31.9
31.8
31.8
31.8
31.8
31.8
31.8
31.8
31.8
31.8
31.9
31.9
31.8
31.8
31.8
31.8
31.8
31.9
31.8
31.8
31.9
31.8
31.8
31.8
31.8
31.8
31.8
31.8
31.8
31.8
31.8
31.8
31.8
31.8
31.8
31.8
31.8
31.8
31.8
31.8
31.8
31.8
31.8
31.8
31.8
31.8
31.8
31.8
31.8
31.9
31.9
31.9
31.8
31.8
31.8
31.8
31.8
31.8
31.8
31.8
31.8
31.8
31.8
31.8
31.9
31.8
31.8
31.8
31.8
31.8
31.8
31.9
31.9
31.9
31.9
31.8
31.9
31.8
31.8
31.8
31.8
31.8
31.8
