26.6
27.0
27.5
27.9
28.3
28.6
28.9
29.3
29.5
29.7
29.9
30.0
30.2
30.3
30.3
30.4
30.4
30.4
30.4
30.4
30.4
30.5
30.5
30.5
30.5
30.6
30.5
30.6
30.6
30.6
30.6
30.6
30.6
30.6
30.5
30.5
30.4
30.5
30.5
30.5
30.5
30.5
30.5
30.5
30.5
30.5
30.5
30.5
30.5
30.5
30.5
30.5
30.5
30.5
30.4
30.4
30.3
30.3
30.3
30.3
30.3
30.2
30.2
30.2
30.2
30.2
30.2
30.2
30.2
30.2
30.2
30.1
30.1
30.1
30.2
30.2
30.3
30.3
30.3
30.3
30.3
30.3
30.3
30.4
30.4
30.3
30.3
30.3
30.3
30.3
30.3
30.3
30.3
30.3
30.3
30.3
30.2
30.3
30.3
30.3
30.3
30.3
30.2
30.3
30.3
30.3
30.3
30.3
30.2
