27.0
27.6
28.0
28.4
28.6
29.0
29.3
29.6
29.8
30.0
30.2
30.4
30.5
30.6
30.6
30.7
30.8
30.8
30.8
30.8
30.9
30.9
30.9
31.0
30.9
30.9
30.9
30.9
30.9
30.9
30.9
31.0
31.0
31.0
31.0
31.0
31.1
31.0
31.0
31.0
31.0
31.0
31.0
31.0
31.0
31.0
31.0
30.9
30.9
30.9
31.0
30.9
30.9
30.9
30.9
30.9
30.9
30.9
30.8
30.9
30.9
30.8
30.8
30.8
30.7
30.7
30.7
30.6
30.6
30.5
30.5
30.5
30.5
30.5
30.5
30.5
30.5
30.6
30.6
30.6
30.6
30.5
30.5
30.5
30.6
30.6
30.7
30.7
30.6
30.6
30.6
30.6
30.6
30.5
30.6
30.6
30.6
30.6
30.6
30.5
30.5
30.6
30.5
30.5
30.5
30.5
30.5
30.5
30.5
