26.7
27.2
27.8
28.3
28.7
29.1
29.5
29.8
30.0
30.3
30.4
30.7
30.9
31.1
31.3
31.4
31.5
31.6
31.7
31.8
31.8
31.9
31.9
31.9
31.9
31.9
32.0
32.0
31.9
31.9
31.9
31.9
31.8
31.8
31.8
31.8
31.8
31.9
31.9
32.0
32.0
31.9
31.9
31.8
31.9
31.9
32.0
31.9
32.0
32.0
32.0
32.0
32.0
32.0
32.0
32.0
32.0
32.0
32.0
32.1
32.1
32.0
32.1
32.1
32.0
32.0
32.0
32.0
32.1
32.1
32.2
32.1
32.1
32.1
32.1
32.1
32.1
32.1
32.1
32.0
32.1
32.0
32.1
32.0
32.0
32.0
32.0
32.0
32.0
32.0
32.0
32.0
32.0
32.0
32.0
32.0
32.0
32.0
32.1
32.1
32.1
32.1
32.1
32.1
32.1
32.1
32.0
32.0
32.0
32.0
32.0
32.0
32.0
32.0
32.0
32.0
32.0
31.9
32.0
32.0
32.0
32.0
32.0
32.1
32.0
32.0
32.0
32.0
32.0
32.1
32.1
32.1
32.1
32.0
32.0
32.1
32.0
32.0
32.0
32.0
32.0
32.0
32.0
32.0
32.0
32.0
32.0
32.0
31.9
31.9
31.9
31.9
32.0
32.0
32.0
32.0
32.0
32.0
32.0
31.9
31.9
32.0
32.0
32.0
32.0
32.0
32.0
