26.8
27.4
28.0
28.5
29.0
29.3
29.7
30.0
30.2
30.4
30.6
30.8
30.9
31.1
31.2
31.4
31.5
31.5
31.6
31.6
31.7
31.7
31.8
31.8
31.9
31.9
31.9
31.9
31.9
31.9
31.8
31.8
31.8
31.8
31.8
31.8
31.8
31.9
31.9
31.9
31.9
31.9
31.9
31.9
31.9
31.9
31.9
31.9
31.9
31.9
31.9
31.9
31.8
31.8
31.8
31.8
31.7
31.7
31.6
31.6
31.6
31.6
31.6
31.6
31.7
31.7
31.7
31.7
31.7
31.8
31.8
31.8
31.7
31.7
31.7
31.6
31.7
31.7
31.6
31.7
31.7
31.7
31.7
31.7
31.7
31.7
31.8
31.7
31.7
31.8
31.8
31.8
31.6
31.6
31.6
31.6
31.6
31.6
31.6
31.6
31.6
31.7
31.7
31.7
31.7
31.7
31.8
31.8
31.7
31.7
31.7
31.9
31.9
31.9
31.9
31.9
31.9
31.8
31.8
31.7
31.8
31.8
31.8
31.8
31.8
31.8
31.8
31.7
31.7
31.9
31.8
31.9
31.8
31.8
31.8
31.8
31.8
31.8
31.8
31.9
31.9
31.9
31.8
31.8
31.8
31.8
31.8
31.8
31.8
31.8
31.9
31.8
31.7
31.7
31.7
31.7
31.8
31.7
31.8
31.8
31.8
31.8
31.7
31.7
31.8
31.7
