26.8
27.1
27.4
27.6
27.9
28.0
28.2
28.4
28.4
28.6
28.6
28.8
28.8
28.9
29.0
29.0
29.0
29.0
29.1
29.1
29.1
29.1
29.1
29.1
29.1
29.1
29.1
29.1
29.2
29.2
29.2
29.2
29.3
29.3
29.3
29.3
29.3
29.3
29.3
29.2
29.2
29.2
29.2
29.3
29.2
29.2
29.2
29.2
29.3
29.2
29.3
29.2
29.3
29.3
29.3
29.3
29.2
29.2
29.3
29.2
29.2
29.2
29.2
29.2
29.2
29.2
29.2
29.2
29.1
29.2
29.2
29.2
29.2
29.2
29.2
29.1
29.2
29.2
29.2
29.2
29.1
29.1
29.2
29.3
29.2
29.2
29.2
29.2
29.1
29.1
29.1
29.1
29.2
29.1
29.1
29.1
29.1
29.1
29.1
29.1
29.1
29.1
29.1
29.1
29.1
29.0
29.0
29.0
29.0
29.0
29.1
29.1
29.1
29.0
29.0
29.1
29.0
29.0
29.0
29.0
29.0
29.0
29.0
29.1
29.1
29.1
29.0
29.0
29.0
29.0
29.0
29.0
29.0
28.9
29.0
28.9
29.0
28.9
28.9
29.0
29.0
29.0
29.7
38.0
31.4
31.1
30.8
30.7
30.5
30.3
30.3
30.4
30.3
30.1
30.0
29.8
29.7
29.6
29.5
29.5
29.4
29.4
29.3
29.2
29.2
29.2
29.2
29.2
29.2
29.1
29.1
29.1
29.1
29.1
29.0
29.0
29.1
29.1
29.1
29.1
29.0
29.1
29.1
29.1
29.0
29.0
29.0
29.0
29.0
29.0
29.0
29.0
29.0
29.0
29.0
29.0
29.0
29.0
29.0
29.0
29.0
29.0
29.1
29.1
29.1
29.1
29.1
29.1
29.2
29.1
29.1
29.1
29.2
29.1
29.1
29.2
29.2
29.2
29.1
29.1
29.1
