26.8
27.0
27.2
27.3
27.4
27.5
27.6
27.6
27.7
27.8
27.8
27.8
27.9
27.9
27.9
28.0
27.9
28.0
28.2
28.2
28.2
28.2
28.4
28.3
28.4
28.6
28.5
28.5
28.5
28.5
28.5
28.4
28.4
28.3
28.3
28.2
28.2
28.2
28.2
28.1
28.1
28.1
28.1
28.1
28.0
28.0
28.1
28.1
28.0
28.0
28.1
28.1
28.1
28.1
28.2
28.1
28.2
28.2
28.1
28.1
28.2
28.1
28.1
28.1
28.2
28.1
28.2
28.2
28.1
28.1
28.2
28.1
28.2
28.2
28.2
28.2
28.1
28.0
28.1
28.1
28.2
28.1
28.1
28.1
28.1
28.1
28.1
28.1
28.1
28.1
28.0
28.0
28.0
28.1
28.1
28.1
28.0
28.0
28.1
28.1
28.0
28.1
28.1
28.2
28.1
28.1
28.2
28.1
28.2
28.1
28.1
28.2
28.2
28.2
28.2
28.2
28.2
28.2
28.2
28.2
28.2
28.1
28.2
28.1
28.1
28.0
28.0
28.1
28.0
28.0
28.1
28.0
28.0
28.1
28.1
28.1
28.0
28.0
28.0
28.0
28.0
28.0
28.0
28.0
28.0
28.0
28.1
28.1
28.1
28.1
28.1
28.1
28.1
28.1
28.0
28.1
28.1
28.1
28.1
28.2
28.1
28.2
28.3
28.2
28.1
28.1
28.1
28.1
28.1
28.1
28.2
28.2
28.1
28.2
28.0
28.0
28.1
28.1
28.1
28.2
28.1
28.1
28.1
28.1
28.0
28.0
28.0
28.0
28.0
28.0
28.0
28.1
28.0
28.1
28.1
28.0
28.0
28.0
28.0
28.0
28.0
28.0
28.0
28.0
28.0
28.0
28.0
28.0
28.0
28.0
28.0
28.1
28.1
28.0
28.0
28.0
28.0
28.0
28.0
28.0
27.9
28.0
28.0
28.0
28.1
28.1
28.1
28.0
28.1
28.1
28.0
28.0
28.1
28.0
28.1
28.1
28.1
28.1
28.1
28.1
28.0
28.0
28.0
28.0
28.0
27.9
28.0
28.1
28.0
28.0
28.0
27.9
28.0
28.0
27.9
27.9
28.0
28.0
27.9
27.9
28.0
28.0
28.1
28.0
28.0
28.0
28.0
28.0
28.0
28.0
28.0
28.1
28.1
28.0
28.0
28.0
28.1
28.1
28.1
28.0
28.1
28.1
28.1
28.0
28.0
28.0
28.0
28.0
28.0
28.0
28.0
28.0
28.1
28.1
28.0
28.0
28.0
28.0
27.9
27.9
28.0
28.0
27.9
27.9
28.0
28.0
27.9
27.9
28.0
27.9
27.9
27.9
27.9
28.0
28.0
28.0
27.9
28.0
28.0
28.0
28.0
28.1
28.0
28.0
28.0
28.0
27.9
28.0
28.0
28.0
28.0
27.9
28.0
28.0
27.9
27.9
28.0
28.0
28.0
28.0
28.1
28.1
28.0
28.0
28.0
27.9
28.0
27.9
27.9
28.0
27.9
27.9
27.8
27.9
27.8
27.8
27.8
27.8
27.9
27.9
27.9
27.9
27.9
27.9
27.8
27.8
27.8
27.8
27.8
27.8
27.9
27.9
27.9
27.9
27.9
27.9
28.0
28.0
27.9
27.9
27.9
27.9
28.0
27.9
27.9
28.0
28.0
27.9
28.0
28.0
28.0
27.9
27.9
28.0
28.0
28.0
28.1
28.1
28.0
28.0
27.9
28.1
28.0
27.9
28.0
28.0
28.0
28.0
28.0
28.0
28.0
28.0
28.0
28.0
28.0
28.0
28.0
28.0
27.9
28.3
28.2
28.2
28.2
28.1
28.1
28.0
28.0
28.3
28.4
28.2
28.2
28.2
28.1
28.1
28.1
28.0
28.0
27.9
28.0
28.0
28.2
28.1
28.0
28.1
28.1
28.1
28.1
28.1
28.0
28.0
28.0
28.0
28.0
28.0
27.9
28.0
28.1
28.0
28.0
27.9
27.9
28.1
28.0
28.1
28.1
28.0
28.0
28.1
28.0
28.0
28.0
28.0
27.9
27.9
28.0
28.0
27.9
27.9
28.0
28.0
28.0
28.0
28.0
28.0
28.0
27.9
27.9
28.0
28.0
27.9
27.9
27.9
27.8
27.9
27.9
27.9
28.0
27.9
27.9
27.9
27.9
27.9
27.9
27.9
27.9
27.8
27.9
27.8
27.9
27.9
27.9
27.8
27.8
27.8
27.8
27.9
28.0
27.9
27.9
28.0
28.0
28.0
27.9
27.9
27.9
27.9
27.9
27.9
27.9
27.9
27.9
27.8
27.8
27.9
27.8
27.8
27.8
27.8
27.8
27.9
27.8
27.8
27.8
27.9
27.8
27.8
27.8
27.8
27.8
27.8
27.8
27.8
28.0
28.1
28.1
28.1
28.0
28.0
28.0
27.9
27.9
27.9
27.9
27.8
27.8
27.8
27.9
27.9
27.9
27.9
