26.4
26.5
26.7
26.8
26.9
27.0
27.2
27.3
27.4
27.4
27.4
27.4
27.5
27.5
27.5
27.6
27.6
27.8
27.7
27.8
27.9
28.0
28.0
28.2
28.4
28.5
28.5
28.4
28.4
28.3
28.2
28.2
28.1
28.1
28.0
27.9
27.8
27.8
27.8
27.7
27.8
27.7
27.7
27.7
27.6
27.5
27.6
27.7
27.7
27.8
27.7
27.6
27.6
27.6
27.6
27.6
27.6
27.6
27.6
27.6
27.6
27.5
27.6
27.5
27.5
27.5
27.5
27.5
27.4
27.5
27.5
27.4
27.5
27.5
27.6
27.5
27.6
27.6
27.6
27.6
27.6
27.6
27.6
27.5
27.5
27.5
27.5
27.5
27.5
27.5
27.5
27.6
27.5
27.5
27.6
27.6
27.6
27.6
27.6
27.6
27.6
27.6
27.6
27.6
27.5
27.6
27.6
27.5
27.6
27.6
27.6
27.6
27.7
27.7
27.7
27.6
27.6
27.6
27.6
27.6
27.6
27.6
27.6
27.6
27.5
27.6
27.6
27.5
27.5
27.5
27.5
27.5
27.5
27.5
27.5
27.5
27.6
27.5
27.6
27.6
27.6
27.6
27.6
27.7
27.6
27.6
27.6
27.6
27.6
27.6
27.6
27.6
27.5
27.6
27.6
27.5
27.5
27.6
27.6
27.6
27.6
27.6
27.5
27.5
27.5
27.6
27.5
27.5
27.5
27.5
27.5
27.4
27.5
27.5
27.5
27.6
27.5
27.5
27.5
27.5
27.5
27.5
27.6
27.6
27.6
27.6
27.6
27.6
27.7
27.7
27.7
27.6
27.6
27.6
27.6
27.6
27.6
27.6
27.5
27.6
27.6
27.6
27.5
27.5
27.6
27.6
27.6
27.5
27.5
27.5
27.5
27.5
27.5
27.5
27.4
27.5
27.5
27.4
27.4
27.4
27.4
27.4
27.5
27.5
27.6
27.5
27.5
27.5
27.4
27.4
27.4
27.4
27.4
27.3
27.3
27.3
27.4
27.4
27.4
27.3
27.3
27.4
27.3
27.4
27.4
27.4
27.5
27.5
27.5
27.5
27.5
27.5
27.4
27.4
27.5
27.5
27.5
27.5
27.4
27.4
27.5
27.5
27.4
27.4
27.4
27.5
27.5
27.5
27.5
27.5
27.5
27.5
27.5
27.5
27.6
27.6
27.6
27.5
27.5
27.5
27.5
27.5
27.5
27.5
27.4
27.5
27.4
27.5
27.5
27.5
27.5
27.5
27.5
27.5
27.4
27.4
27.4
27.4
27.4
27.4
27.4
27.4
27.4
27.4
27.5
27.4
27.5
27.5
27.5
27.5
27.4
27.5
27.5
27.5
27.4
27.4
27.4
27.5
27.5
27.5
27.6
27.5
27.5
27.4
27.5
27.4
27.5
27.5
27.4
27.4
27.4
27.4
27.4
27.4
27.4
27.4
27.3
27.3
27.3
27.4
27.4
27.5
27.4
27.4
27.5
27.5
27.5
27.6
27.5
27.5
27.5
27.4
27.5
27.5
27.4
27.4
27.4
27.4
27.5
27.5
27.5
27.4
27.4
27.4
27.4
27.4
27.4
27.4
27.5
27.4
27.4
27.4
27.4
27.5
27.4
27.4
27.4
27.4
27.4
27.4
27.3
27.3
27.4
27.4
27.4
27.4
27.4
27.4
27.4
27.4
27.4
27.4
27.4
27.5
27.5
27.5
27.4
27.5
27.5
27.4
27.4
27.4
27.4
27.4
27.4
27.5
27.5
27.5
27.5
27.4
27.5
27.5
27.5
27.5
27.5
27.6
27.5
27.5
27.5
27.5
27.4
27.4
27.4
27.3
27.3
27.3
27.4
27.4
27.3
27.3
27.4
27.4
27.4
27.4
27.5
27.4
27.4
27.4
27.5
27.4
27.4
27.4
27.4
27.5
27.5
27.5
27.4
27.4
27.4
27.5
27.5
27.5
27.5
27.5
27.4
27.5
27.5
27.5
27.4
27.4
27.4
27.4
27.4
27.4
27.3
27.3
27.4
27.3
27.3
27.2
27.2
27.2
27.3
27.3
27.2
27.3
27.4
27.3
27.3
27.4
27.4
27.3
27.4
27.4
27.4
27.4
27.4
27.4
27.4
32.6
32.0
31.6
31.1
31.5
31.3
30.7
30.4
30.1
29.8
29.5
29.2
29.1
29.2
29.0
28.8
28.6
28.4
28.3
28.2
28.1
28.0
27.8
27.8
27.7
27.7
27.6
27.6
27.6
27.6
27.6
27.5
27.5
27.5
27.5
27.5
27.5
27.4
27.4
27.4
27.4
27.5
27.4
27.4
27.4
27.4
27.4
27.5
27.5
27.4
27.4
27.4
27.5
27.4
27.5
27.4
27.4
27.4
27.5
27.4
27.4
27.4
27.5
27.4
27.4
27.4
27.4
27.4
27.4
27.4
27.4
27.4
27.4
27.3
27.4
27.4
27.4
27.4
27.4
27.4
27.4
27.4
27.4
27.5
27.5
