26.6
26.9
27.3
27.6
27.9
28.0
28.2
28.4
28.6
28.8
28.9
29.1
29.1
29.1
29.2
29.2
29.2
29.2
29.2
29.3
29.3
29.2
29.2
29.3
29.3
29.3
29.3
29.3
29.3
29.3
29.3
29.3
29.3
29.3
29.3
29.3
29.3
29.4
29.3
29.4
29.4
29.3
29.4
29.4
29.3
29.4
29.4
29.4
29.4
29.4
29.3
29.4
29.3
29.3
29.3
29.3
29.3
29.3
29.3
29.3
29.3
29.3
29.3
29.3
29.3
29.3
29.3
29.3
29.3
29.3
29.3
29.3
29.3
29.3
29.3
29.3
29.3
29.2
29.3
29.3
29.3
29.3
29.3
29.2
29.2
29.2
29.2
29.2
29.2
29.2
29.3
29.3
29.3
29.3
29.3
29.3
29.3
29.3
29.3
29.3
29.3
29.3
29.3
29.2
29.3
29.3
29.3
29.3
29.3
29.3
29.3
29.2
29.2
29.2
29.3
29.2
29.2
29.2
29.2
29.2
29.2
29.2
29.2
29.2
29.3
29.2
29.2
29.2
29.2
29.2
29.2
29.1
29.1
29.1
29.2
29.1
29.1
29.1
29.1
29.1
29.2
29.2
29.2
29.2
29.2
29.3
29.2
29.2
29.2
29.2
29.2
29.2
29.2
29.2
29.3
29.3
29.2
29.2
29.3
29.3
29.3
29.2
29.2
29.2
29.3
29.3
29.2
29.2
29.3
29.3
29.3
29.3
29.2
29.3
29.3
29.2
29.2
29.2
29.2
29.3
29.2
29.3
29.2
29.3
29.3
29.3
29.2
29.2
29.2
29.2
29.2
29.2
29.3
29.3
29.3
29.2
29.2
29.3
29.3
29.3
29.3
29.3
29.3
29.3
29.3
