26.8
26.9
27.1
27.3
27.5
27.6
27.7
27.9
27.9
28.0
28.0
28.1
28.2
28.3
28.4
28.3
28.3
28.4
28.5
28.5
28.6
28.6
28.5
28.7
28.9
29.0
28.9
28.9
28.8
28.9
28.8
28.7
28.7
28.6
28.6
28.6
28.5
28.4
28.4
28.5
28.5
28.4
28.4
28.4
28.3
28.3
28.4
28.4
28.3
28.3
28.4
28.4
28.4
28.3
28.3
28.3
28.2
28.2
28.2
28.2
28.2
28.3
28.3
28.3
28.3
28.3
28.3
28.3
28.3
28.2
28.2
28.3
28.3
28.3
28.2
28.2
28.3
28.3
28.3
28.3
28.3
28.3
28.2
28.3
28.3
28.2
28.2
28.1
28.2
28.2
28.2
28.3
28.3
28.2
28.2
28.3
28.3
28.3
28.3
28.2
28.3
28.3
28.2
28.3
28.2
28.3
28.3
28.3
28.2
28.3
28.3
28.2
28.2
28.4
28.3
28.2
28.2
28.2
28.2
28.1
28.2
28.3
28.3
28.2
28.2
28.3
28.3
28.2
28.2
28.2
28.2
28.2
28.2
28.2
28.2
28.1
28.1
28.2
28.3
28.3
28.2
28.2
28.2
28.1
28.1
28.1
28.1
28.1
28.2
28.2
28.2
28.2
28.2
28.2
28.2
28.2
28.2
28.2
28.2
28.2
28.1
28.2
28.2
28.2
28.2
28.2
28.3
28.2
28.2
28.2
28.2
28.3
28.3
28.3
28.3
28.2
28.2
28.3
28.3
28.2
28.3
28.2
28.3
28.2
28.2
28.3
28.3
28.3
28.2
28.2
28.2
28.2
28.3
28.3
28.2
28.2
28.3
28.4
28.3
28.2
28.2
28.2
28.2
28.2
28.1
28.1
28.2
28.2
28.1
28.1
28.1
28.1
28.1
28.1
28.1
28.1
28.1
28.1
28.1
28.1
28.2
28.2
28.1
28.1
28.1
28.2
28.2
28.1
28.1
28.1
28.1
28.2
28.2
28.2
28.1
28.1
28.2
28.2
28.2
28.1
28.1
28.2
28.2
28.2
28.2
28.2
28.2
28.1
28.1
28.2
28.2
28.1
28.1
28.2
28.1
28.1
28.2
28.2
28.2
28.1
28.2
28.1
28.1
28.4
40.7
29.3
29.2
38.0
30.1
29.9
29.8
29.7
29.6
29.6
29.4
29.6
30.0
29.9
29.8
29.6
29.6
29.6
29.8
30.3
30.5
30.7
30.6
30.5
30.4
30.8
31.1
31.2
31.6
38.4
31.4
31.4
31.2
31.1
31.0
31.1
37.2
43.2
43.2
42.7
42.9
37.8
37.2
37.3
29.7
29.8
30.0
30.2
30.6
30.8
30.7
30.7
30.6
30.6
30.7
31.0
31.1
31.0
31.1
31.4
31.5
42.8
32.4
32.2
32.1
31.9
31.9
32.5
42.0
42.5
32.0
32.0
32.1
32.0
32.0
31.9
31.9
31.8
31.7
31.5
31.5
31.3
31.2
31.1
31.4
31.3
31.2
30.9
30.8
30.7
30.6
30.4
30.4
30.3
30.2
30.2
35.9
30.7
30.8
31.1
31.6
38.2
37.6
37.2
37.1
36.7
36.5
37.0
37.1
43.6
32.6
32.4
32.1
31.9
37.4
32.0
31.7
31.8
31.8
31.7
32.0
31.8
31.6
31.5
31.3
31.1
31.1
30.9
30.7
30.7
30.6
30.5
30.4
30.3
30.3
30.3
30.2
30.2
30.2
30.2
30.1
30.0
35.7
29.7
29.6
29.6
29.7
29.7
29.7
29.7
35.9
30.3
30.3
30.6
30.8
30.9
31.4
31.3
31.2
31.2
31.1
30.9
30.7
30.5
30.5
37.4
30.7
30.7
30.7
30.7
31.1
31.0
31.1
31.6
31.5
32.1
32.4
32.2
32.1
32.0
31.8
31.9
31.8
31.7
31.5
31.3
31.5
31.4
31.3
31.8
31.7
31.5
32.0
31.8
31.4
36.8
30.5
30.3
36.6
29.7
29.7
36.1
30.3
30.1
30.2
30.2
37.0
36.3
29.5
29.6
29.6
29.4
29.4
29.4
35.9
51.3
51.1
33.4
48.2
48.3
48.5
30.3
30.1
30.0
29.8
29.7
29.6
30.0
41.8
42.3
49.0
49.0
42.0
28.9
29.5
30.0
29.8
29.6
29.4
29.2
29.2
29.0
28.9
28.8
28.8
28.7
28.5
28.5
28.5
28.5
28.5
28.5
29.0
29.0
29.0
29.0
28.9
28.9
28.8
29.2
29.1
29.3
29.5
29.3
29.2
42.8
37.4
30.7
30.9
31.3
31.0
31.1
30.9
30.6
30.4
30.2
30.0
29.9
29.7
29.7
29.6
29.5
29.4
29.3
29.4
29.3
29.2
29.1
45.1
28.4
28.6
29.1
29.0
29.0
29.1
29.1
29.2
29.1
29.1
29.0
28.9
28.9
28.9
28.8
28.7
28.6
28.6
28.8
41.8
49.0
48.5
28.7
34.7
34.2
34.1
33.6
27.8
27.8
27.8
27.9
28.0
28.1
28.0
28.0
28.0
28.0
28.1
28.1
28.1
28.3
33.9
33.6
28.4
28.4
28.4
28.4
28.8
28.8
28.8
29.1
29.1
28.9
29.4
29.7
29.9
30.0
42.6
34.5
49.3
54.5
29.7
29.4
37.0
28.9
28.8
29.3
29.8
35.3
35.2
34.7
34.9
34.9
29.1
29.1
29.0
28.9
34.1
33.8
33.2
32.6
32.2
31.8
31.4
31.0
30.7
30.5
30.4
30.1
29.7
29.5
29.3
29.2
29.0
28.9
28.7
28.6
28.5
28.3
28.3
28.2
28.1
28.1
28.1
28.0
28.0
28.0
28.0
27.9
27.9
27.9
27.9
27.9
27.9
27.8
27.8
27.9
27.9
27.8
27.9
27.9
27.9
27.8
27.8
27.8
27.8
27.7
27.8
27.8
27.8
27.8
27.8
27.8
27.8
27.8
27.8
27.8
27.8
27.8
27.8
27.8
27.9
27.8
27.8
27.9
27.9
27.8
27.8
27.8
27.8
27.8
27.8
