26.7
27.3
27.7
28.2
28.6
28.9
29.1
29.4
29.5
29.8
30.0
30.0
30.2
30.2
30.3
30.4
30.4
30.4
30.5
30.5
30.5
30.5
30.5
30.5
30.6
30.6
30.6
30.6
30.7
30.7
30.7
30.7
30.7
30.7
30.7
30.7
30.7
30.7
30.7
30.7
30.7
30.7
30.6
30.6
30.6
30.7
30.7
30.6
30.6
30.7
30.6
30.6
30.6
30.6
30.6
30.6
30.6
30.6
30.6
30.6
30.6
30.6
30.5
30.5
30.5
30.6
30.6
30.6
30.6
30.6
30.6
30.6
30.5
30.5
30.5
30.5
30.5
30.5
30.5
30.5
30.5
30.5
30.5
30.5
30.5
30.5
30.4
30.4
30.4
30.4
30.4
30.4
30.3
30.3
30.3
30.3
30.3
30.3
30.3
30.3
30.3
30.3
30.2
30.3
30.3
30.3
30.3
30.3
30.3
