26.7
26.9
27.2
27.5
27.7
27.9
28.1
28.3
28.5
28.6
28.7
28.8
29.0
29.1
29.1
29.1
29.2
29.2
29.3
29.3
29.2
29.3
29.3
29.4
29.3
29.3
29.3
29.3
29.3
29.3
29.3
29.3
29.3
29.3
29.3
29.4
29.4
29.4
29.4
29.4
29.4
29.4
29.4
29.4
29.4
29.3
29.4
29.4
29.4
29.3
29.4
29.4
29.4
29.4
29.4
29.4
29.4
29.3
29.4
29.3
29.3
29.3
29.3
29.3
29.3
29.3
29.3
29.3
29.3
29.3
29.3
29.3
29.4
29.3
29.3
29.4
29.4
29.3
29.3
29.3
29.3
29.3
29.2
29.2
29.2
29.2
29.2
29.2
29.3
29.3
29.3
29.2
29.3
29.3
29.3
29.3
29.3
29.3
29.3
29.3
29.4
29.3
29.3
29.3
29.3
29.3
29.3
29.2
29.3
29.3
29.3
29.3
29.3
29.3
29.2
29.3
29.3
29.3
29.3
29.3
29.3
29.3
29.3
29.2
29.3
29.3
29.3
29.2
29.3
29.3
29.3
29.3
29.3
29.3
29.3
29.3
29.2
29.2
29.2
29.2
29.3
29.2
29.2
29.2
29.2
29.2
29.2
29.2
29.2
29.2
29.2
29.2
29.2
29.2
29.2
29.2
29.2
29.2
29.2
29.3
29.4
29.4
29.3
29.3
29.3
29.3
29.3
29.3
29.3
29.3
29.3
29.2
29.3
29.2
29.3
29.2
29.3
29.3
29.3
29.3
29.3
29.2
29.2
29.2
29.2
29.2
29.2
29.2
29.2
29.2
29.2
29.2
29.2
29.2
29.2
29.3
29.2
29.3
29.2
29.2
29.2
29.2
29.2
29.2
