26.6
26.7
26.8
27.0
27.1
27.3
27.3
27.3
27.4
27.5
27.5
27.5
27.5
27.5
27.6
27.6
27.7
27.7
27.7
27.6
27.6
27.7
27.8
27.8
27.9
28.0
28.0
28.0
28.0
27.9
27.9
27.8
27.8
27.9
27.8
27.8
27.7
27.7
27.7
27.8
27.8
27.8
27.7
27.7
27.7
27.6
27.6
27.6
27.7
27.8
27.7
27.7
27.7
27.7
27.7
27.6
27.6
27.7
27.7
27.6
27.6
27.6
27.5
27.6
27.6
27.5
27.5
27.5
27.6
27.6
27.6
27.6
27.6
27.6
27.6
27.6
27.5
27.6
27.6
27.6
27.6
27.6
27.6
27.6
27.6
27.7
27.6
27.7
27.7
27.6
27.7
27.7
27.6
27.7
27.7
27.6
27.6
27.6
27.7
27.7
27.6
27.6
27.6
27.6
27.5
27.5
27.6
27.5
27.5
27.5
27.5
27.5
27.5
27.5
27.5
27.5
27.5
27.5
27.5
27.5
27.6
27.5
27.5
27.5
27.5
27.5
27.5
27.5
27.5
27.6
27.6
27.6
27.6
27.5
27.5
27.5
27.5
27.5
27.5
27.5
27.5
27.5
27.5
27.5
27.5
27.5
27.4
27.4
27.5
27.5
27.5
27.5
27.4
27.4
27.5
27.5
27.4
27.4
27.4
27.5
27.4
27.4
27.5
27.5
27.5
27.5
27.4
27.5
27.5
27.5
27.5
27.5
27.5
27.5
27.5
27.5
27.5
27.5
27.6
27.6
27.5
27.5
27.5
27.6
27.6
27.5
27.5
27.5
27.5
27.4
27.5
27.5
27.5
27.5
27.5
27.4
27.5
27.5
27.5
27.5
27.5
27.6
27.6
27.5
27.5
27.5
27.5
27.5
27.5
27.5
27.4
27.5
27.5
27.5
27.4
27.5
27.5
27.4
27.5
27.5
27.5
27.6
27.6
27.5
27.5
27.5
27.5
27.5
27.5
27.5
27.5
27.5
27.4
27.4
27.4
27.4
27.5
27.4
27.4
27.4
27.4
27.4
27.4
27.5
27.5
27.5
27.4
27.4
27.4
27.4
27.5
27.4
27.4
27.4
27.4
27.4
27.4
27.4
27.4
27.5
27.5
27.5
27.5
27.5
27.4
27.4
27.4
27.5
27.5
27.6
27.8
27.9
28.0
28.0
28.0
28.0
28.0
28.0
28.0
27.9
27.9
28.0
28.0
28.1
28.0
28.0
28.0
28.0
28.0
28.0
28.0
28.1
28.1
28.1
28.0
28.0
28.0
28.1
28.1
28.0
28.0
28.1
28.1
28.1
28.0
28.0
28.0
28.1
28.1
28.1
28.0
28.0
28.0
28.0
28.0
28.0
28.0
28.0
28.1
28.1
28.1
28.1
28.1
28.1
28.1
28.1
28.1
28.1
28.1
28.1
28.1
28.1
28.1
28.1
39.3
46.3
46.3
46.4
46.3
30.5
30.1
29.9
29.8
29.6
29.4
29.2
29.0
28.9
28.8
28.7
28.7
28.6
28.6
28.5
28.4
28.4
28.4
28.3
28.2
28.2
28.3
28.2
28.2
28.1
28.2
28.1
28.1
28.1
28.1
28.1
28.0
28.0
28.0
28.0
28.1
28.1
28.1
28.1
28.0
28.0
28.1
28.1
28.1
28.1
28.1
28.1
28.2
28.1
28.1
28.1
28.1
28.0
28.0
28.1
28.1
28.0
28.0
28.0
28.1
28.2
28.2
28.1
28.1
28.0
28.1
28.1
28.0
28.0
28.0
28.0
28.0
28.0
28.0
28.0
28.1
28.0
28.1
28.0
28.0
28.1
28.1
28.1
28.1
28.2
28.3
28.3
28.2
28.2
28.2
28.2
28.2
28.2
28.1
28.1
28.1
28.1
28.1
28.0
28.0
28.1
28.1
28.0
28.1
28.1
28.2
28.1
28.1
28.1
28.2
28.1
28.2
28.2
28.2
28.2
28.2
28.2
28.2
28.3
28.2
28.1
28.1
28.1
28.2
28.3
28.6
28.5
38.2
28.7
28.6
28.9
46.3
46.3
46.5
46.6
46.6
46.6
46.7
46.7
46.7
46.7
39.7
32.0
31.4
30.9
30.4
30.0
29.8
29.5
29.2
29.0
28.9
28.7
28.5
28.3
28.3
28.1
28.1
28.0
28.0
27.9
27.9
27.8
27.8
27.7
27.7
27.7
27.7
27.6
27.6
27.5
27.6
27.5
27.6
27.6
27.7
27.6
27.5
27.5
27.6
27.6
27.6
27.6
27.6
27.6
27.6
27.6
27.6
27.5
27.6
27.5
27.6
27.6
27.5
27.5
27.5
27.4
27.4
27.4
27.5
27.5
27.4
27.4
27.4
27.5
27.5
27.5
27.5
27.4
27.4
27.4
27.4
27.5
27.5
27.5
27.6
27.6
27.5
27.5
27.5
27.5
27.5
27.5
27.6
27.5
27.5
27.5
27.5
27.5
27.5
27.4
27.4
27.4
27.4
27.4
27.4
27.4
27.5
27.5
27.5
27.6
27.7
27.6
27.7
27.6
27.6
27.6
27.6
27.7
27.7
27.7
27.7
27.7
27.7
27.7
27.7
27.6
27.7
27.7
27.7
27.7
27.6
27.6
27.6
27.6
27.6
27.6
27.6
27.6
27.6
27.6
27.6
27.7
27.7
27.7
27.7
27.7
27.7
27.7
27.7
27.7
27.7
27.7
27.7
27.7
27.7
27.6
27.6
27.6
27.7
27.7
27.7
27.6
