26.9
27.1
27.3
27.3
27.4
27.5
27.7
27.9
28.0
28.2
28.3
28.4
28.5
28.6
28.7
28.7
28.8
28.9
29.0
29.0
29.0
29.0
29.1
29.0
29.1
29.1
29.1
29.1
29.1
29.1
29.1
29.2
29.2
29.2
29.2
29.2
29.2
29.2
29.2
29.1
29.1
29.2
29.2
29.2
29.3
29.3
29.2
29.2
29.2
29.2
29.2
29.2
29.3
29.3
29.3
29.3
29.3
29.3
29.3
29.3
29.2
29.2
29.2
29.1
29.2
29.2
29.2
29.2
29.2
29.2
29.1
29.2
29.2
29.2
29.1
29.2
29.2
29.2
29.2
29.1
29.1
29.1
29.1
29.1
29.1
29.1
29.2
29.1
29.1
29.1
29.0
29.0
29.0
29.0
29.1
28.9
28.7
28.8
28.8
28.9
28.9
28.9
28.9
28.9
29.0
29.0
29.0
29.0
29.0
29.0
29.0
29.0
29.0
29.0
29.0
29.0
29.0
29.0
29.0
29.0
29.0
29.0
29.1
29.1
29.1
29.1
29.1
29.1
29.2
29.2
29.1
29.1
29.1
29.1
29.1
29.1
29.1
29.1
29.1
29.0
29.0
29.0
29.0
29.0
29.0
29.1
29.1
29.1
29.1
29.1
29.1
29.1
29.1
29.1
29.1
29.1
29.1
29.1
29.1
29.1
29.1
29.1
29.1
29.1
29.0
29.0
29.1
29.1
29.1
29.1
29.1
29.1
29.1
29.1
29.0
29.1
29.1
29.0
29.1
29.1
29.1
29.0
29.0
29.0
29.0
29.1
29.1
29.0
29.0
29.0
29.0
29.0
29.0
29.0
29.0
29.1
29.1
29.1
29.1
29.1
29.1
29.1
29.1
29.2
29.2
29.2
29.1
29.1
29.2
29.2
29.2
29.1
29.1
29.1
29.1
29.1
29.1
29.1
29.1
29.1
29.1
29.1
29.1
29.1
29.1
29.1
29.1
