26.4
27.0
27.6
28.1
28.4
28.7
28.9
29.1
29.4
29.5
29.6
29.7
29.8
30.0
30.1
30.3
30.3
30.3
30.4
30.4
30.5
30.5
30.5
30.6
30.6
30.7
30.7
30.7
30.7
30.7
30.6
30.6
30.7
30.7
30.7
30.6
30.6
30.6
30.5
30.6
30.6
30.6
30.6
30.6
30.6
30.7
30.6
30.7
30.6
30.6
30.7
30.6
30.6
30.7
30.7
30.7
30.7
30.7
30.7
30.7
30.7
30.7
30.7
30.7
30.7
30.7
30.7
30.7
30.7
30.7
30.7
30.6
30.7
30.7
30.6
30.6
30.6
30.6
30.6
30.6
30.5
30.5
30.5
30.5
30.5
30.5
30.5
30.4
30.4
30.5
30.4
30.4
30.4
30.4
30.4
30.4
30.4
30.4
30.4
30.5
30.5
30.4
30.4
30.4
30.4
30.4
30.4
30.4
30.3
