27.1
27.7
28.1
28.5
28.7
28.9
29.2
29.5
29.7
29.9
30.1
30.3
30.4
30.5
30.6
30.6
30.7
30.8
30.8
30.8
30.9
30.9
30.9
30.9
30.9
30.9
31.0
31.0
30.9
30.9
31.0
31.0
30.9
31.0
31.0
30.9
31.0
30.9
30.9
30.9
30.9
30.9
30.8
30.9
30.9
30.9
30.8
30.8
30.8
30.9
30.8
30.9
30.9
30.9
30.9
30.8
30.8
30.9
30.9
30.9
30.8
30.9
30.9
30.8
30.8
30.8
30.8
30.8
30.9
30.8
30.8
30.8
30.7
30.7
30.7
30.7
30.7
30.7
30.7
30.7
30.6
30.7
30.7
30.6
30.6
30.6
30.6
30.6
30.6
30.6
30.6
30.6
30.6
30.6
30.6
30.6
30.5
30.6
30.5
30.5
30.4
30.5
30.5
30.5
30.5
30.4
30.5
30.5
