26.9
27.0
27.2
27.4
27.5
27.6
27.8
27.8
27.9
28.0
28.0
28.0
28.1
28.1
28.2
28.2
28.2
28.2
28.4
28.4
28.4
28.4
28.5
28.5
28.7
28.9
28.9
28.8
28.7
28.7
28.7
28.6
28.6
28.6
28.5
28.5
28.4
28.4
28.4
28.4
28.4
28.4
28.4
28.4
28.4
28.4
28.4
28.4
28.4
28.3
28.3
28.2
28.2
28.3
28.3
28.3
28.3
28.3
28.3
28.4
28.4
28.3
28.3
28.3
28.3
28.3
28.3
28.2
28.3
28.3
28.3
28.2
28.2
28.2
28.2
28.2
28.2
28.2
28.2
28.2
28.2
28.3
28.2
28.2
28.3
28.3
28.3
28.2
28.3
28.3
28.2
28.2
28.3
28.3
28.2
28.2
28.3
28.3
28.2
28.2
28.2
28.2
28.3
28.2
28.2
28.2
28.2
28.1
28.2
28.2
28.2
28.1
28.2
28.2
28.2
28.2
28.2
28.2
28.3
28.3
28.3
28.2
28.2
28.2
28.2
28.1
28.2
28.1
28.1
28.2
28.2
28.1
28.1
28.1
28.1
28.1
28.1
28.0
28.0
28.1
28.1
28.1
28.1
28.0
28.0
28.1
28.1
28.1
28.2
28.2
28.2
28.3
28.3
28.3
28.2
28.2
28.2
28.2
28.2
28.3
28.2
28.3
28.3
28.3
28.2
28.2
28.2
28.3
28.2
28.2
28.2
28.2
28.2
28.3
28.2
28.2
28.1
28.1
28.1
28.0
28.0
28.1
28.1
28.1
28.0
28.1
28.1
28.1
28.0
28.0
28.0
28.0
28.0
27.9
27.9
28.0
28.0
28.0
27.9
28.0
28.0
27.9
28.0
28.0
28.1
28.0
28.0
28.0
28.0
28.1
28.1
33.2
32.6
32.0
31.6
31.1
30.7
30.3
30.1
29.8
29.5
29.4
29.3
29.1
29.0
28.8
28.8
28.7
28.5
28.5
28.4
28.3
28.4
28.3
28.3
28.2
28.2
28.2
28.1
28.1
28.1
28.1
28.1
28.0
28.0
28.0
28.0
27.9
27.9
27.9
28.0
28.0
28.0
28.0
28.1
28.1
28.1
28.1
28.0
28.1
28.0
28.1
28.1
28.0
28.0
28.0
28.0
28.0
28.0
28.0
27.9
27.9
28.0
28.0
28.0
27.9
27.9
27.9
28.0
28.0
28.0
28.0
28.0
28.0
28.0
28.0
28.0
28.1
28.0
28.0
27.9
27.9
27.9
28.0
28.0
28.0
28.0
28.1
28.0
27.9
28.0
28.0
27.9
27.9
27.9
27.9
27.9
27.9
27.9
27.9
27.9
27.9
27.9
27.9
27.9
27.8
27.9
27.9
27.8
27.8
27.9
28.0
27.9
27.9
27.9
27.9
27.9
27.9
27.9
27.8
27.8
27.8
27.9
27.9
27.8
27.9
28.0
27.9
27.8
27.8
27.8
27.8
27.8
27.9
27.8
27.8
27.9
27.9
27.9
27.9
27.9
27.9
27.8
27.8
27.9
27.8
27.8
27.8
27.8
27.8
27.8
27.9
27.8
27.8
27.9
27.9
27.9
27.8
27.9
27.9
27.8
27.8
27.9
27.9
27.9
27.9
27.8
27.8
27.8
27.8
27.8
27.8
27.8
27.8
27.8
27.8
27.9
27.8
27.8
27.9
27.8
27.8
27.8
27.8
27.8
27.8
27.8
27.8
27.8
27.9
27.9
27.8
27.9
27.9
27.9
27.8
27.9
27.9
27.9
27.9
27.8
27.9
27.9
27.9
27.8
27.9
27.9
27.9
28.0
28.0
27.9
27.9
27.9
27.9
27.9
28.0
28.0
27.9
27.9
27.9
27.9
27.8
27.9
27.9
27.9
27.9
27.9
27.9
27.9
27.8
27.8
27.8
27.9
27.8
27.8
27.9
27.9
27.9
27.8
27.9
27.9
27.8
27.8
27.9
27.9
27.8
27.8
27.9
27.8
27.8
27.8
27.8
27.8
27.8
27.8
27.8
27.9
27.9
27.8
27.8
27.9
27.9
27.8
27.9
27.9
27.9
27.9
27.9
27.8
27.8
27.9
27.9
27.8
27.8
27.8
27.8
27.8
27.7
27.8
27.8
27.8
27.8
27.8
27.9
27.8
27.8
27.9
27.9
27.9
27.9
27.9
27.9
27.9
27.9
27.8
27.8
27.9
27.9
27.9
27.8
27.8
27.8
27.8
27.8
27.7
27.7
27.8
27.8
27.8
27.7
27.7
27.7
27.7
27.7
27.7
27.8
27.8
27.7
27.8
27.8
27.8
27.8
27.8
27.8
27.8
27.8
27.8
27.8
27.8
27.7
27.8
27.9
27.9
27.8
27.9
27.9
27.8
27.8
27.8
27.8
27.8
27.8
27.8
27.8
27.8
27.9
27.8
27.8
27.8
27.9
27.8
27.8
27.8
27.8
27.8
27.8
27.8
27.8
27.8
27.8
27.8
27.8
27.8
27.7
27.7
27.8
27.8
27.8
27.7
27.7
27.8
27.8
