26.9
27.5
28.0
28.4
28.9
29.2
29.5
29.7
30.0
30.2
30.4
30.5
30.7
30.9
31.1
31.2
31.3
31.3
31.4
31.5
31.6
31.6
31.6
31.6
31.6
31.7
31.7
31.7
31.7
31.7
31.8
31.8
31.7
31.7
31.8
31.8
31.8
31.8
31.8
31.8
31.8
31.7
31.6
31.6
31.5
31.6
31.5
31.5
31.5
31.6
31.6
31.6
31.7
31.7
31.7
31.8
31.8
31.7
31.8
31.8
31.8
31.8
31.8
31.8
31.8
31.8
31.8
31.8
31.8
31.9
31.8
31.8
31.8
31.8
31.8
31.8
31.9
31.8
31.8
31.8
31.8
31.8
31.8
31.7
31.7
31.7
31.7
31.7
31.7
31.7
31.7
31.7
31.7
31.7
31.7
31.7
31.7
31.7
31.7
31.7
31.8
31.7
31.8
31.8
31.8
31.8
31.7
31.7
31.7
31.7
31.8
31.7
31.7
31.7
31.7
31.7
31.7
31.7
31.7
31.7
31.7
31.7
31.7
31.8
31.8
31.8
31.7
31.7
31.7
31.7
31.6
31.6
31.6
31.5
31.5
31.5
31.5
31.4
31.4
31.5
31.5
31.5
31.5
31.6
31.6
31.6
31.6
31.6
31.7
31.6
31.6
31.6
31.7
31.7
31.7
31.8
31.8
31.7
31.7
31.8
31.8
31.8
31.8
31.8
