27.5
28.0
28.5
29.0
29.4
29.8
30.0
30.2
30.4
30.5
30.6
30.8
30.9
31.0
31.0
31.2
31.2
31.3
31.4
31.5
31.6
31.6
31.7
31.7
31.8
31.8
31.8
31.8
31.8
31.8
31.9
31.8
31.8
31.9
31.9
31.9
31.8
31.9
31.8
31.9
31.9
31.9
31.9
31.9
31.9
31.9
31.8
31.8
31.8
31.8
31.8
31.8
31.8
31.8
31.8
31.8
31.8
31.8
31.8
31.7
31.7
31.7
31.7
31.8
31.8
31.7
31.7
31.6
31.7
31.7
31.7
31.7
31.7
31.8
31.7
31.8
31.8
31.8
31.8
31.8
31.8
31.8
31.8
31.8
31.8
31.8
31.8
31.9
31.9
31.9
31.8
31.8
31.8
31.8
31.8
31.8
31.8
31.8
31.8
31.8
31.8
31.8
31.8
31.8
31.8
31.8
31.7
31.8
31.8
31.7
31.7
31.7
31.7
31.8
31.7
31.7
31.7
31.7
31.8
31.7
31.7
31.8
31.7
31.8
31.8
31.7
31.8
31.8
31.8
31.8
31.8
31.8
31.8
31.8
31.8
31.8
31.8
31.8
31.8
31.8
31.8
31.8
31.8
31.8
31.7
31.7
31.7
31.7
31.7
31.7
31.7
31.7
31.7
31.7
31.7
31.8
31.8
31.8
31.8
31.8
31.7
31.8
31.8
31.8
31.8
31.8
