27.3
27.9
28.5
28.9
29.3
29.6
29.9
30.2
30.5
30.6
30.8
31.0
31.1
31.3
31.3
31.4
31.4
31.4
31.4
31.5
31.6
31.6
31.6
31.6
31.6
31.6
31.6
31.7
31.7
31.8
31.8
31.8
31.9
31.9
31.9
31.8
31.8
31.8
31.9
31.9
31.8
31.9
31.9
31.9
31.9
31.8
31.8
31.8
31.8
31.7
31.7
31.7
31.7
31.7
31.8
31.8
31.8
31.8
31.8
31.8
31.8
31.8
31.8
31.8
31.8
31.8
31.8
31.8
31.9
31.8
31.8
31.8
31.8
31.8
31.7
31.7
31.7
31.7
31.7
31.7
31.8
31.8
31.8
31.7
31.7
31.7
31.7
31.7
31.7
31.8
31.7
31.7
31.6
31.6
31.6
31.6
31.7
31.7
31.7
31.7
31.6
31.6
31.6
31.7
31.7
31.7
31.7
31.7
31.7
31.7
31.6
31.7
31.7
31.7
31.7
31.6
31.6
31.6
31.6
31.6
31.6
31.6
31.6
31.7
31.6
31.6
31.7
31.7
31.7
31.7
31.7
31.8
31.8
31.8
31.8
31.8
31.7
31.8
31.8
31.8
31.8
31.8
31.8
31.8
31.8
31.8
31.8
31.8
31.8
31.8
31.8
31.8
31.8
31.8
31.7
31.8
31.8
31.8
31.8
31.8
31.8
31.8
31.8
31.8
31.8
