26.9
27.5
28.1
28.6
29.0
29.4
29.7
30.0
30.3
30.5
30.7
30.8
30.9
31.0
31.2
31.3
31.3
31.3
31.4
31.5
31.6
31.6
31.6
31.7
31.7
31.7
31.7
31.7
31.8
31.8
31.8
31.8
31.8
31.8
31.8
31.8
31.8
31.8
31.9
31.8
31.8
31.9
31.8
31.9
31.8
31.8
31.9
31.8
31.8
31.8
31.8
31.8
31.8
31.9
31.8
31.8
31.8
31.7
31.8
31.8
31.8
31.8
31.7
31.7
31.8
31.8
31.8
31.7
31.7
31.7
31.6
31.6
31.6
31.6
31.7
31.7
31.7
31.7
31.7
31.7
31.7
31.7
31.6
31.7
31.7
31.7
31.8
31.7
31.7
31.7
31.7
31.7
31.6
31.6
31.6
31.6
31.6
31.6
31.7
31.7
31.7
31.7
31.7
31.7
31.7
31.8
31.8
31.8
31.8
31.8
31.7
31.7
31.7
31.7
31.7
31.7
31.7
31.7
31.7
31.7
31.8
31.8
31.8
31.8
31.9
31.8
31.9
31.8
31.8
31.7
31.7
31.7
31.7
31.7
31.6
31.7
31.7
31.7
31.7
31.8
31.8
31.8
31.8
31.7
31.8
31.8
31.8
31.8
31.8
31.9
31.9
31.9
31.8
31.8
31.8
31.8
31.8
31.8
31.8
31.8
31.8
31.8
31.7
31.8
31.8
31.8
