27.0
32.2
32.1
32.2
32.2
32.1
32.2
32.2
32.2
32.1
32.1
32.1
32.0
32.1
32.1
32.1
32.1
32.0
32.1
32.1
32.1
32.1
32.0
32.0
32.0
32.0
32.0
32.0
32.0
31.9
31.9
31.9
31.9
31.9
31.9
31.9
31.9
31.9
31.9
31.8
31.8
31.9
31.8
31.9
31.8
31.8
31.9
31.8
31.9
31.9
31.9
31.9
31.9
31.8
31.8
31.8
31.8
31.8
31.8
31.8
31.8
31.8
31.8
31.8
31.8
31.8
31.8
31.7
31.8
31.8
31.8
31.8
31.7
31.7
31.7
31.7
31.8
31.8
31.7
31.7
31.8
31.7
31.7
31.8
31.7
31.7
31.7
32.0
32.1
32.0
32.0
31.9
31.9
31.9
31.9
31.9
31.8
31.8
31.7
31.7
31.7
31.7
31.7
31.7
31.8
31.8
31.8
31.8
31.8
31.8
31.7
31.9
31.9
31.9
31.9
31.8
31.9
31.9
31.9
31.9
31.9
31.8
31.8
31.7
31.7
31.7
31.7
31.7
31.7
31.8
31.8
31.8
31.8
31.8
31.8
31.8
31.8
31.8
31.8
31.8
31.8
31.8
31.8
31.8
31.8
31.8
31.8
31.8
31.8
31.8
31.8
31.8
31.7
31.7
31.7
31.7
31.7
31.7
31.8
31.7
31.7
31.7
31.7
31.7
31.8
31.7
