26.7
27.3
27.9
28.4
28.8
29.2
29.6
29.9
30.1
30.4
30.7
30.8
31.1
31.2
31.3
31.4
31.4
31.5
31.5
31.6
31.6
31.6
31.6
31.6
31.6
31.6
31.6
31.6
31.6
31.6
31.7
31.7
31.8
31.8
31.8
31.9
31.9
31.9
31.9
31.9
32.0
32.0
31.9
32.0
32.0
32.0
32.0
32.0
32.0
32.0
32.0
32.0
32.0
31.9
31.9
31.9
31.9
32.0
32.0
31.9
31.9
31.9
31.8
31.9
32.0
32.0
32.0
32.0
32.0
32.1
32.1
32.0
32.0
32.0
32.0
32.1
32.1
32.1
32.1
32.1
32.1
32.1
32.0
32.1
32.0
32.0
32.0
32.0
32.0
32.0
31.9
31.9
31.9
31.9
31.9
31.9
31.9
31.9
31.9
31.9
32.0
32.0
31.9
31.9
32.0
32.0
32.0
31.9
31.9
31.9
31.9
31.9
31.9
32.0
31.9
31.9
31.9
31.9
32.0
31.9
31.8
31.8
31.7
31.7
31.7
31.7
31.6
31.6
31.6
31.7
31.8
31.8
31.8
31.8
31.8
31.9
31.9
31.9
31.9
31.9
31.9
31.9
31.9
31.9
31.9
31.9
31.9
31.9
31.9
32.0
31.9
31.9
31.9
31.9
31.9
31.9
31.9
31.9
31.9
31.9
32.0
32.0
32.0
32.0
31.9
31.9
32.0
