27.0
27.5
28.0
28.4
28.8
29.1
29.4
29.6
29.9
30.0
30.2
30.4
30.5
30.6
30.6
30.7
30.8
30.8
30.9
30.9
30.9
30.9
30.9
30.9
30.9
30.9
30.9
30.9
30.9
30.9
30.9
31.0
30.9
30.9
31.0
30.9
31.0
30.9
31.0
30.9
30.9
30.9
31.0
31.0
31.0
31.0
31.0
30.9
30.9
31.0
31.0
30.9
30.9
30.9
30.9
30.9
30.9
30.9
30.8
30.8
30.8
30.8
30.8
30.8
30.8
30.8
30.8
30.8
30.8
30.9
30.8
30.8
30.7
30.7
30.7
30.7
30.7
30.8
30.8
30.7
30.7
30.7
30.7
30.7
30.7
30.7
30.7
30.7
30.6
30.7
30.6
30.6
30.6
30.6
30.6
30.7
30.6
30.6
30.6
30.5
30.5
30.5
30.5
30.5
30.5
30.6
30.5
30.5
30.5
