26.4
26.6
26.9
27.2
27.4
27.6
27.9
28.1
28.2
28.4
28.5
28.6
28.7
28.7
28.7
28.8
28.9
28.9
29.0
29.0
29.0
29.0
29.0
29.0
29.0
29.0
29.0
29.1
29.0
29.1
29.1
29.1
29.1
29.1
29.1
29.1
29.0
29.0
29.0
29.0
29.0
29.0
29.0
29.0
29.0
29.0
29.1
29.2
29.1
29.1
29.1
29.1
29.1
29.1
29.1
29.1
29.1
29.0
29.1
29.1
29.0
29.0
29.1
29.1
29.1
29.0
29.0
29.1
29.0
29.0
29.0
29.0
29.0
29.0
29.0
29.0
29.0
29.0
29.0
29.0
29.0
29.0
29.0
29.0
29.0
29.0
29.0
29.0
29.0
29.0
29.0
29.0
29.0
29.0
29.0
29.0
29.0
29.0
29.0
29.1
29.1
29.0
29.0
29.0
29.0
29.0
29.0
29.0
29.0
29.1
29.0
29.0
29.0
29.0
29.0
29.0
29.0
29.0
29.0
28.9
28.9
29.0
29.0
29.0
29.0
29.0
29.0
29.0
29.0
29.0
28.9
29.0
28.9
28.9
28.9
29.0
29.0
29.0
29.0
29.0
28.9
29.0
29.0
29.0
29.0
29.0
29.0
29.0
29.0
29.0
29.0
29.0
29.0
29.0
29.0
29.0
29.0
29.0
29.1
29.1
29.1
29.0
29.0
29.0
29.0
29.0
29.0
29.0
29.1
29.1
29.1
29.1
29.1
29.1
29.0
29.0
29.0
29.0
29.0
29.0
29.0
29.1
29.0
29.0
29.0
29.0
28.9
28.9
28.9
28.9
28.9
28.9
28.9
29.0
29.0
28.9
28.9
29.0
29.0
29.0
29.0
29.0
29.0
