29.7
30.2
30.5
30.7
31.0
31.2
31.4
31.6
31.7
31.8
31.9
32.0
32.1
32.1
32.4
32.8
33.2
33.8
33.9
34.1
34.2
34.3
34.3
34.4
34.4
34.5
34.7
34.7
34.9
34.9
35.0
35.1
35.0
34.9
35.0
35.1
35.1
35.2
35.2
35.3
35.3
35.4
35.5
35.6
35.7
35.6
35.6
35.6
35.6
35.5
35.5
35.5
35.8
35.7
35.7
35.7
35.7
35.8
35.8
35.8
35.8
35.8
35.9
35.9
36.1
36.2
36.1
35.6
35.2
34.8
34.4
34.1
33.8
33.6
33.3
33.1
33.0
32.8
32.7
32.6
32.5
32.4
32.3
32.3
32.3
32.2
32.2
32.1
32.1
32.0
32.0
32.0
31.9
31.9
31.9
31.9
31.8
31.8
31.7
31.8
31.8
31.8
31.7
31.7
31.7
31.7
31.7
31.7
31.7
31.7
31.8
31.8
31.8
31.8
31.8
31.8
31.8
31.8
31.9
31.8
31.8
31.7
31.8
31.8
31.8
31.8
31.8
31.8
31.8
31.8
31.8
31.7
31.7
31.8
31.7
31.7
31.7
31.6
31.6
31.7
31.7
31.7
31.8
31.8
31.8
31.8
31.8
31.7
31.7
31.7
31.8
31.8
31.8
31.7
31.8
31.8
31.8
31.7
31.7
31.6
31.6
