26.6
27.0
27.6
28.1
28.6
29.0
29.4
29.7
30.0
30.2
30.4
30.6
30.8
31.0
31.1
31.3
31.3
31.4
31.5
31.6
31.6
31.7
31.7
31.8
31.8
31.8
31.8
31.8
31.8
31.9
31.9
31.9
31.9
31.9
31.9
31.9
31.9
31.9
31.9
31.9
31.9
31.9
31.9
31.8
31.8
31.8
31.8
31.8
31.8
31.8
31.8
31.8
31.8
31.8
31.8
31.8
31.8
31.8
31.8
31.8
31.8
31.8
31.8
31.8
31.8
31.8
31.8
31.8
31.9
31.9
31.8
31.8
31.8
31.8
31.8
31.8
31.8
31.8
31.8
31.8
31.8
31.8
31.8
31.8
31.8
31.8
31.8
31.9
31.9
31.9
31.9
31.8
31.8
31.8
31.8
31.9
31.8
31.8
31.8
31.8
31.8
31.8
31.8
31.8
31.8
31.8
31.8
31.9
31.8
31.8
31.8
31.8
31.8
31.8
31.8
31.8
31.8
31.8
31.8
31.7
31.8
31.8
31.7
31.8
31.7
31.8
31.7
31.7
31.8
31.8
31.7
31.8
31.7
31.7
31.7
31.8
31.8
31.8
31.8
31.8
31.7
31.8
31.8
31.8
31.8
31.7
31.7
31.7
31.7
31.7
31.7
31.7
31.7
31.8
31.7
31.8
31.8
31.7
31.7
31.7
31.7
31.8
31.7
31.7
31.8
