26.7
27.1
27.5
27.9
28.2
28.6
28.9
29.2
29.4
29.7
29.9
29.9
30.0
30.1
30.1
30.2
30.3
30.4
30.4
30.5
30.5
30.5
30.5
30.6
30.6
30.6
30.6
30.7
30.7
30.6
30.6
30.7
30.7
30.7
30.7
30.7
30.7
30.7
30.7
30.7
30.7
30.7
30.7
30.7
30.7
30.6
30.6
30.6
30.6
30.6
30.6
30.6
30.6
30.6
30.6
30.6
30.6
30.6
30.5
30.6
30.6
30.6
30.6
30.6
30.6
30.6
30.6
30.6
30.6
30.6
30.6
30.6
30.6
30.6
30.6
30.6
30.6
30.6
30.5
30.5
30.4
30.4
30.4
30.4
30.4
30.4
30.4
30.4
30.4
30.4
30.4
30.4
30.4
30.4
30.4
30.4
30.4
30.4
30.4
30.4
30.4
30.3
30.3
30.2
30.3
30.3
30.2
30.2
