26.8
32.2
32.2
32.1
32.1
32.2
32.2
32.1
32.1
32.1
32.0
32.1
32.1
32.1
32.1
32.1
32.0
31.9
31.9
31.9
31.8
31.8
31.6
31.2
30.7
30.6
30.2
29.9
29.6
29.3
29.1
29.2
29.5
29.8
30.0
30.3
30.5
30.7
30.9
31.0
31.1
31.2
31.3
31.4
31.4
31.5
31.5
31.6
31.6
31.6
31.7
31.7
31.7
31.7
31.7
31.7
31.7
31.7
31.7
31.7
31.7
31.8
31.8
31.8
31.6
31.6
31.6
31.6
31.7
31.7
31.7
31.7
31.7
31.7
31.7
31.8
31.7
31.7
31.7
31.7
31.8
31.8
31.8
31.7
31.6
31.6
31.7
31.7
31.7
31.7
31.6
31.7
31.7
31.7
31.7
31.7
31.7
31.7
31.7
31.7
31.7
31.7
31.7
31.7
31.7
31.7
31.7
31.7
31.7
31.7
31.7
31.7
31.7
31.7
31.7
31.7
31.7
31.7
31.8
31.8
31.8
31.8
31.8
31.8
31.7
31.7
31.7
31.7
31.7
31.7
31.7
31.7
31.7
31.7
31.7
31.7
31.7
31.7
31.7
31.7
31.7
31.7
31.8
31.8
31.7
31.7
31.7
31.7
31.7
31.7
31.6
31.7
31.7
31.7
31.7
31.7
31.8
31.8
31.7
31.7
31.7
31.8
31.7
