26.6
26.9
27.2
27.5
27.8
28.0
28.1
28.3
28.5
28.7
28.7
28.8
28.9
28.9
29.2
29.3
29.3
29.3
29.4
29.4
29.4
29.4
29.4
29.4
29.4
29.4
29.5
29.4
29.5
29.4
29.4
29.4
29.4
29.4
29.4
29.3
29.3
29.3
29.3
29.4
29.3
29.3
29.3
29.3
29.3
29.5
29.5
29.6
29.6
29.5
29.5
29.5
29.5
29.5
29.5
29.4
29.5
29.4
29.4
29.4
29.4
29.4
29.4
29.3
29.3
29.3
29.3
29.4
29.4
29.3
29.3
29.3
29.3
29.3
29.4
29.4
29.4
29.4
29.3
29.3
29.5
29.5
29.5
29.4
29.4
29.4
29.4
29.4
29.3
29.3
29.3
29.3
29.3
29.3
29.3
29.3
29.3
29.3
29.3
29.2
29.2
29.2
29.3
29.2
29.3
29.2
29.3
29.3
29.3
29.3
29.3
29.3
29.2
29.2
29.3
29.3
29.2
29.2
29.2
29.2
29.2
29.2
29.2
29.2
29.3
29.3
29.3
29.3
29.3
29.3
29.3
29.3
29.2
29.2
29.3
29.3
29.3
29.3
29.3
29.3
29.2
29.3
29.3
29.2
29.3
29.3
29.3
29.3
29.3
29.3
29.3
29.3
29.2
29.2
29.3
29.2
29.3
29.2
29.2
29.2
29.2
29.3
29.3
29.3
29.3
29.2
29.2
29.3
29.3
29.3
29.3
29.3
29.2
29.3
29.3
29.3
29.3
29.3
29.3
29.3
29.3
29.2
29.2
29.3
29.3
29.3
29.3
29.3
29.3
29.3
29.3
29.3
29.3
29.3
29.4
29.3
29.3
29.3
29.3
29.4
29.4
29.3
29.3
