26.8
27.3
27.7
28.0
28.4
28.7
29.0
29.3
29.5
29.8
29.9
30.0
30.1
30.2
30.3
30.4
30.4
30.4
30.5
30.5
30.5
30.5
30.4
30.5
30.6
30.6
30.6
30.7
30.7
30.7
30.7
30.7
30.7
30.7
30.7
30.8
30.8
30.8
30.7
30.7
30.7
30.7
30.7
30.7
30.7
30.7
30.6
30.5
30.4
30.4
30.4
30.4
30.5
30.5
30.5
30.5
30.4
30.5
30.5
30.5
30.6
30.5
30.6
30.6
30.6
30.6
30.6
30.6
30.6
30.6
30.6
30.6
30.6
30.6
30.6
30.6
30.6
30.5
30.5
30.5
30.5
30.4
30.4
30.4
30.4
30.4
30.4
30.4
30.3
30.3
30.4
30.4
30.4
30.4
30.4
30.4
30.4
30.4
30.4
30.4
30.3
30.3
30.4
30.4
30.4
30.4
30.4
30.4
30.4
