27.0
27.6
28.2
28.7
29.1
29.6
29.9
30.2
30.4
30.6
30.8
30.9
31.1
31.2
31.3
31.4
31.5
31.6
31.6
31.7
31.7
31.7
31.8
31.9
31.8
31.9
31.9
31.8
31.9
31.9
31.9
31.8
31.8
31.9
31.9
31.9
31.9
31.9
31.9
31.9
31.9
31.9
31.9
31.9
31.9
31.9
31.9
31.9
31.9
31.9
31.8
31.8
31.8
31.7
31.7
31.7
31.7
31.7
31.7
31.7
31.7
31.8
31.7
31.7
31.7
31.6
31.6
31.6
31.6
31.6
31.6
31.6
31.7
31.7
31.7
31.7
31.7
31.7
31.7
31.8
31.7
31.7
31.7
31.8
31.8
31.8
31.7
31.8
31.8
31.8
31.8
31.8
31.7
31.7
31.8
31.8
31.8
31.8
31.8
31.8
31.8
31.8
31.8
31.8
31.8
31.8
31.8
31.7
31.7
31.8
31.8
31.8
31.8
31.8
31.7
31.7
31.7
31.7
31.8
31.8
32.3
32.4
41.3
32.4
32.3
32.3
32.2
32.2
32.2
32.5
32.4
32.3
32.3
32.2
32.2
32.2
32.1
32.1
32.0
32.0
32.0
32.0
31.9
31.9
31.9
31.9
31.9
31.9
31.9
31.9
31.9
31.9
31.8
31.9
31.8
31.8
31.8
31.8
31.8
31.8
31.8
31.8
31.8
31.8
31.8
31.7
31.8
