26.7
27.0
27.2
27.4
27.6
27.8
27.9
28.1
28.1
28.2
28.4
28.5
28.6
28.6
28.7
28.7
28.7
28.8
28.7
28.8
28.9
28.9
28.9
28.9
28.9
28.9
28.9
28.9
29.0
29.0
29.0
29.0
28.9
28.9
28.9
28.9
28.9
28.9
28.9
28.9
28.9
28.9
28.8
28.8
28.8
28.8
28.8
29.0
29.0
29.0
28.9
28.8
28.8
28.8
28.8
28.8
28.8
28.8
28.8
28.7
28.7
28.8
28.8
28.7
28.7
28.7
28.7
28.7
28.7
28.7
28.7
28.7
28.8
28.7
28.7
28.7
28.8
28.7
28.8
28.8
28.8
28.8
28.7
28.7
28.6
28.6
28.6
28.6
28.5
28.5
28.5
28.5
28.4
28.4
28.4
28.4
28.4
28.4
28.4
28.5
28.5
28.4
28.4
28.4
28.5
28.5
28.4
28.5
28.5
28.5
28.5
