26.9
27.4
27.9
28.4
28.7
29.0
29.3
29.4
29.5
29.7
29.9
30.0
30.2
30.3
30.4
30.5
30.5
30.6
30.6
30.6
30.7
30.7
30.7
30.7
30.7
30.7
30.6
30.7
30.6
30.7
30.7
30.7
30.7
30.7
30.7
30.7
30.7
30.7
30.7
30.7
31.0
31.3
39.3
30.9
30.9
30.9
30.9
30.9
30.9
31.0
31.2
31.1
31.1
31.0
31.0
31.0
31.0
30.9
30.9
30.9
30.8
30.7
30.8
30.7
30.7
30.7
30.7
30.7
30.7
30.7
30.7
30.7
30.7
30.7
30.7
30.7
30.7
30.6
30.6
30.6
30.6
30.5
30.5
30.5
30.5
30.5
30.5
30.4
30.4
30.4
30.4
30.4
30.4
30.4
30.4
30.4
30.3
30.4
30.4
30.4
30.4
30.3
30.3
30.4
30.3
30.3
30.3
30.3
30.4
30.2
