26.7
26.9
27.2
27.5
27.9
28.2
28.5
28.7
29.0
29.0
29.1
29.1
29.2
29.2
29.2
29.2
29.3
29.3
29.3
29.3
29.3
29.4
29.4
29.4
29.3
29.3
29.3
29.4
29.4
29.3
29.3
29.3
29.3
29.3
29.3
29.3
29.3
29.3
29.3
29.3
29.3
29.3
29.3
29.3
29.3
29.3
29.3
29.3
29.3
29.3
29.3
29.3
29.3
29.4
29.3
29.3
29.4
29.4
29.3
29.3
29.3
29.4
29.3
29.3
29.3
29.3
29.3
29.3
29.3
29.3
29.4
29.4
29.4
29.4
29.3
29.4
29.4
29.3
29.3
29.3
29.3
29.4
29.4
29.4
29.4
29.4
29.4
29.3
29.3
29.3
29.4
29.4
29.3
29.3
29.3
29.3
29.3
29.3
29.3
29.3
29.3
29.3
29.3
29.3
29.3
29.2
29.3
29.3
29.3
29.3
29.3
29.3
29.2
29.3
29.2
29.3
29.2
29.2
29.2
29.2
29.2
29.1
29.2
29.2
29.2
29.2
29.2
29.3
29.3
29.3
29.3
29.3
29.3
29.3
29.3
29.3
29.3
29.3
29.3
29.3
29.3
29.3
29.3
29.3
29.3
29.3
29.3
29.3
29.3
29.3
29.3
29.3
29.3
29.3
29.3
29.3
29.3
29.3
29.3
29.3
29.3
29.3
29.3
29.3
29.3
29.3
29.3
29.3
29.3
29.2
29.2
29.2
29.2
29.3
29.2
29.2
29.2
29.2
29.2
29.2
29.2
29.1
29.2
29.2
29.2
29.2
29.2
29.2
29.2
29.2
29.2
29.3
29.4
29.3
29.3
29.3
29.4
29.4
29.4
29.4
29.3
29.3
29.4
