26.7
27.3
27.9
28.4
28.9
29.2
29.6
29.9
30.2
30.5
30.6
30.8
30.9
31.1
31.2
31.3
31.3
31.4
31.5
31.6
31.6
31.6
31.6
31.6
31.6
31.6
31.5
31.5
31.5
31.5
31.5
31.5
31.5
31.4
31.5
31.5
31.4
31.4
31.5
31.5
31.5
31.4
31.4
31.4
31.4
31.5
31.5
31.5
31.6
31.6
31.6
31.6
31.6
31.7
31.7
31.7
31.7
31.8
31.8
31.7
31.7
31.7
31.8
31.8
31.8
31.7
31.8
31.7
31.7
31.8
31.8
31.7
31.7
31.8
31.8
31.8
31.8
31.8
31.8
31.8
31.7
31.8
31.8
31.8
31.8
31.7
31.8
31.8
31.8
31.8
31.7
31.8
31.7
31.7
31.7
31.7
31.7
31.7
31.7
31.7
31.6
31.6
31.5
31.5
31.5
31.5
31.6
31.5
31.5
31.4
31.4
31.4
31.4
31.4
31.5
31.5
31.5
31.6
31.6
31.6
31.7
31.7
31.7
31.7
31.7
31.6
31.7
31.7
31.7
31.7
31.7
31.7
31.7
31.7
31.7
31.7
31.7
31.8
31.8
31.7
31.7
31.7
31.7
31.7
31.6
31.5
31.5
31.6
31.6
31.6
31.6
31.6
31.6
31.6
31.6
31.6
31.6
31.6
31.6
