27.2
27.8
28.2
28.7
29.0
29.3
29.5
29.8
30.0
30.2
30.3
30.5
30.6
30.7
30.7
30.7
30.7
30.8
30.9
30.9
30.9
30.9
30.9
30.9
30.9
30.9
31.0
30.9
31.0
31.0
31.0
31.0
30.9
31.0
30.9
30.9
30.9
30.9
30.9
30.9
30.9
30.9
30.9
31.0
30.9
30.9
30.9
30.9
30.9
30.9
30.9
30.9
30.9
30.9
30.8
30.8
30.9
30.8
30.8
30.9
30.9
30.9
30.8
30.8
30.8
30.7
30.7
30.8
30.8
30.8
30.8
30.8
30.8
30.7
30.8
30.8
30.8
30.7
30.7
30.7
30.7
30.7
30.7
30.6
30.6
30.6
30.6
30.7
30.7
30.7
30.7
30.7
30.6
30.6
30.6
30.6
30.6
30.6
30.5
30.5
30.5
30.5
30.4
30.5
30.5
30.4
30.4
30.4
