26.5
34.1
34.5
34.1
33.5
32.9
32.4
32.0
31.7
31.4
31.4
31.1
30.9
30.6
30.4
30.2
30.0
29.9
29.8
29.7
29.6
29.4
29.4
29.3
29.2
29.2
29.2
29.2
29.1
29.1
29.0
29.0
29.1
29.1
29.0
29.0
29.0
29.0
28.9
29.0
28.9
28.9
28.9
28.8
28.8
28.8
28.8
28.8
28.8
28.8
28.8
28.8
28.8
28.8
28.7
28.7
28.7
28.7
28.7
28.8
28.8
28.8
28.8
28.8
28.8
28.8
28.8
28.9
28.8
28.8
28.8
28.8
28.8
28.8
28.8
28.8
28.8
28.8
28.8
28.8
28.7
28.7
28.7
28.6
28.7
28.6
28.7
28.6
28.6
28.6
28.6
28.6
28.5
28.5
28.5
28.7
28.8
28.7
28.7
28.9
28.9
28.9
28.9
28.8
28.8
28.8
28.8
28.7
28.7
28.7
28.8
