26.4
26.8
27.1
27.4
27.7
28.0
28.1
28.4
28.7
28.8
28.8
28.9
28.9
29.1
29.2
29.2
29.2
29.2
29.2
29.2
29.2
29.2
29.2
29.2
29.2
29.2
29.2
29.2
29.2
29.3
29.2
29.2
29.2
29.2
29.2
29.2
29.2
29.2
29.2
29.2
29.1
29.2
29.2
29.2
29.2
29.1
29.2
29.2
29.1
29.1
29.1
29.1
29.1
29.1
29.1
29.1
29.2
29.2
29.1
29.2
29.2
29.1
29.1
29.1
29.1
29.1
29.1
29.1
29.1
29.1
29.1
29.1
29.1
29.1
29.2
29.2
29.2
29.1
29.1
29.1
29.2
29.2
29.1
29.2
29.2
29.2
29.1
29.1
29.2
29.1
29.2
29.1
29.1
29.1
29.1
29.1
29.1
29.1
29.1
29.1
29.1
29.2
29.1
29.1
29.1
29.1
29.1
29.1
29.1
29.1
29.1
29.2
29.3
29.2
29.2
29.3
29.3
29.3
29.3
29.2
29.2
29.1
29.2
29.1
29.1
29.2
29.2
29.1
29.1
29.1
29.1
29.1
29.1
29.1
29.1
29.1
29.1
29.1
29.0
29.0
29.1
29.1
29.0
29.0
29.1
29.1
29.1
29.0
29.1
29.1
29.1
29.1
29.0
29.1
29.0
29.0
29.1
29.1
29.1
29.1
29.1
29.1
29.1
29.1
29.1
29.1
29.1
29.3
29.2
29.2
29.2
29.2
29.2
29.2
29.2
29.2
29.2
29.2
29.2
29.2
29.2
29.2
29.2
29.1
29.1
29.1
29.2
29.2
29.1
29.1
29.2
29.4
29.3
29.3
29.2
29.2
29.2
29.1
29.1
29.1
