26.5
27.0
27.6
28.2
28.6
29.0
29.3
29.6
29.9
30.0
30.3
30.5
30.6
30.8
30.9
31.0
31.1
31.2
31.3
31.4
31.5
31.6
31.6
31.7
31.7
31.6
31.6
31.7
31.7
31.7
31.7
31.8
31.8
31.8
31.8
31.8
31.8
31.8
31.8
31.8
31.8
31.8
31.8
31.8
31.8
31.8
31.8
31.8
31.8
31.8
31.9
31.8
31.8
31.8
31.8
31.8
31.9
31.8
31.8
31.8
31.8
31.8
31.8
31.8
31.7
31.8
31.7
31.7
31.7
31.7
31.8
31.8
31.8
31.7
31.8
31.8
31.7
31.8
31.7
31.7
31.7
31.7
31.7
31.7
31.7
31.6
31.6
31.5
31.5
31.4
31.4
31.4
31.4
31.4
31.4
31.4
31.4
31.5
31.5
31.5
31.5
31.5
31.6
31.6
31.5
31.6
31.6
31.6
31.6
31.6
31.6
31.7
31.6
31.7
31.7
31.7
31.7
31.7
31.7
31.7
31.7
31.7
31.7
31.7
31.7
31.7
31.7
31.7
31.7
31.7
31.7
31.7
31.7
31.7
31.7
31.7
31.7
31.7
31.7
31.7
31.7
31.7
31.7
31.7
31.8
31.8
31.8
31.8
31.8
31.8
31.8
31.8
31.8
31.8
31.8
31.8
31.8
31.7
31.7
31.7
31.7
31.7
31.7
31.7
31.7
31.8
