26.6
26.9
27.4
27.8
28.1
28.4
28.7
29.1
29.4
29.6
29.7
29.9
30.1
30.2
30.3
30.3
30.4
30.5
30.5
30.5
30.5
30.6
30.6
30.6
30.6
30.6
30.7
30.7
30.7
30.7
30.6
30.7
30.7
30.7
30.7
30.7
30.7
30.7
30.7
30.6
30.6
30.6
30.6
30.7
30.6
30.7
30.7
30.6
30.6
30.6
30.6
30.6
30.6
30.6
30.6
30.5
30.6
30.6
30.6
30.6
30.5
30.5
30.6
30.6
30.6
30.6
30.6
30.6
30.6
30.6
30.5
30.6
30.6
30.5
30.5
30.5
30.6
30.6
30.5
30.5
30.5
30.5
30.5
30.5
30.4
30.4
30.4
30.4
30.4
30.4
30.3
30.4
30.4
30.3
30.3
30.3
30.3
30.3
30.3
30.3
30.3
30.3
30.3
30.3
30.3
30.3
30.3
30.3
30.3
