26.7
27.2
27.8
28.4
28.8
29.3
29.6
29.9
30.2
30.4
30.6
30.8
30.9
31.0
31.2
31.2
31.2
31.3
31.3
31.3
31.5
31.5
31.5
31.6
31.6
31.6
31.7
31.7
31.7
31.8
31.8
31.7
31.6
31.6
31.7
31.7
31.7
31.8
31.7
31.7
31.7
31.6
31.7
31.7
31.7
31.7
31.7
31.8
31.7
31.7
31.8
31.7
31.7
31.8
31.8
31.7
31.7
31.7
31.7
31.7
31.7
31.7
31.7
31.8
31.7
31.7
31.7
31.7
31.7
31.7
31.7
31.7
31.7
31.7
31.6
31.6
31.6
31.6
31.6
31.7
31.7
31.7
31.7
31.7
31.7
31.7
31.7
31.7
31.7
31.7
31.7
31.7
31.6
31.6
31.6
31.7
31.7
31.6
31.7
31.7
31.7
31.7
31.7
31.7
31.7
31.7
31.7
31.7
31.7
31.7
31.7
31.7
31.7
31.7
31.7
31.7
31.7
31.7
31.7
31.8
31.8
31.8
31.7
31.8
31.8
31.8
31.8
31.8
31.8
31.8
31.8
31.8
31.8
31.8
31.8
31.7
31.7
31.7
31.6
31.7
31.7
31.7
31.7
31.7
31.7
31.8
31.8
31.7
31.8
31.8
31.8
31.8
31.8
31.8
31.7
31.8
31.7
31.7
31.7
31.7
31.7
31.7
31.8
31.8
31.8
31.7
