27.0
27.5
27.9
28.4
28.7
29.0
29.3
29.6
29.7
29.9
30.1
30.2
30.2
30.3
30.4
30.5
30.5
30.5
30.5
30.6
30.6
30.6
30.6
30.6
30.6
30.7
30.7
30.7
30.7
30.7
30.7
30.7
30.7
30.6
30.5
30.5
30.5
30.5
30.5
30.5
30.6
30.6
30.6
30.6
30.6
30.6
30.6
30.6
30.6
30.6
30.7
30.7
30.7
30.7
30.7
30.7
30.7
30.7
30.7
30.6
30.7
30.7
30.7
30.7
30.7
30.7
30.6
30.6
30.6
30.6
30.6
30.6
30.6
30.6
30.6
30.6
30.6
30.6
30.5
30.6
30.5
30.5
30.5
30.4
30.4
30.4
30.4
30.4
30.4
30.4
30.4
30.4
30.4
30.4
30.4
30.4
30.4
30.4
30.4
30.4
30.4
30.4
30.4
30.4
30.4
30.4
30.4
30.3
