26.9
27.3
27.8
28.2
28.5
28.9
29.2
29.5
29.8
30.0
30.2
30.3
30.5
30.6
30.7
30.7
30.7
30.8
30.8
30.9
30.9
30.9
31.0
31.0
31.0
30.9
30.9
31.0
31.0
31.0
31.0
31.1
31.0
31.1
31.0
31.0
31.0
31.1
31.1
31.1
31.1
31.2
31.1
31.1
31.1
31.1
31.0
31.0
30.9
30.9
31.0
31.0
30.9
30.9
30.9
30.9
30.9
31.0
31.0
30.9
30.9
31.0
30.9
30.8
30.8
30.7
30.7
30.7
30.6
30.6
30.6
30.6
30.6
30.7
30.7
30.7
30.8
30.7
30.7
30.7
30.7
30.7
30.7
30.7
30.7
30.7
30.6
30.7
30.7
30.6
30.6
30.6
30.6
30.6
30.6
30.6
30.6
30.6
30.6
30.5
30.5
30.6
30.6
30.6
30.5
30.5
30.5
30.5
30.5
