27.1
32.2
32.2
32.2
32.1
32.4
32.4
32.3
32.3
32.3
32.3
32.3
32.2
32.2
32.1
32.1
32.0
32.0
32.0
32.0
32.0
31.9
31.9
31.8
31.8
31.8
31.8
31.8
31.7
31.7
31.8
31.7
31.8
31.8
31.7
31.7
31.8
31.8
31.8
31.8
31.8
31.8
31.8
31.9
31.8
31.9
31.9
31.9
31.9
31.8
31.7
31.7
31.7
31.7
31.7
31.7
31.7
31.7
31.8
45.1
45.4
45.7
46.0
46.0
46.1
46.4
46.4
46.6
46.7
46.8
46.8
47.0
47.2
47.4
47.6
47.6
47.7
47.6
47.8
47.9
47.6
47.7
47.5
47.5
47.7
47.7
47.9
48.1
48.1
48.2
48.2
48.2
48.2
48.2
48.2
37.4
32.0
31.9
31.9
31.9
31.9
32.0
32.0
31.9
31.9
31.9
31.9
31.9
31.9
31.8
31.8
31.8
31.8
31.7
31.7
31.7
31.6
31.7
31.7
31.7
31.8
31.8
31.8
31.8
31.8
31.8
31.8
31.9
31.8
31.8
31.8
31.8
31.9
31.9
31.8
31.8
31.8
31.8
31.8
31.8
31.8
32.0
32.0
32.0
31.9
31.9
32.0
32.0
32.0
32.0
31.9
32.0
31.9
31.9
32.0
31.9
31.9
31.8
31.8
31.8
31.8
31.8
31.8
