27.1
32.2
32.1
32.1
32.1
32.1
32.1
32.1
32.1
32.1
32.1
32.1
32.1
32.0
32.1
32.0
32.0
32.0
32.1
32.1
32.1
32.0
32.0
31.9
31.9
31.8
31.8
31.8
31.7
31.7
31.7
31.7
31.6
31.6
31.6
31.6
31.7
31.7
31.7
31.7
31.7
31.8
32.0
31.9
31.9
31.9
31.9
31.8
31.8
31.8
31.8
31.8
31.8
31.8
31.9
31.9
32.0
31.9
31.9
31.9
31.9
31.9
31.8
31.8
31.9
31.9
31.9
31.9
31.9
31.8
31.9
31.9
31.8
31.8
31.8
31.8
31.8
31.8
31.8
31.8
31.7
31.8
31.7
31.7
31.8
31.8
31.8
31.8
31.8
31.8
31.8
31.8
31.7
31.7
31.7
31.8
31.7
31.8
31.8
31.8
31.8
31.8
31.8
31.8
31.8
31.8
31.8
31.8
31.8
31.8
31.8
31.8
31.8
31.8
31.8
31.8
31.8
31.8
31.8
31.8
31.8
31.8
31.8
31.7
31.7
31.7
31.8
31.8
31.8
31.7
31.8
31.8
31.8
31.8
31.8
31.8
31.8
31.8
31.8
31.8
31.8
31.8
31.8
31.8
31.8
31.7
31.6
31.6
31.6
31.6
31.6
31.7
31.6
31.7
31.7
31.9
31.9
31.8
31.8
31.8
31.8
