26.9
27.4
27.8
28.2
28.6
28.9
29.2
29.4
29.5
29.7
29.8
29.8
29.9
30.1
30.3
30.4
30.4
30.5
30.6
30.7
30.7
30.7
30.7
30.8
30.8
30.9
30.9
30.9
30.9
30.9
30.8
30.8
30.7
30.8
30.8
30.8
30.8
30.9
30.9
30.9
30.9
30.9
30.8
30.8
30.9
30.9
30.9
30.8
30.8
30.9
30.9
30.8
30.8
30.8
30.8
30.8
30.8
30.8
30.8
30.9
30.9
30.8
30.9
30.9
30.9
30.9
30.9
30.8
30.8
30.8
30.7
30.7
30.6
30.6
30.5
30.6
30.5
30.5
30.5
30.5
30.4
30.4
30.3
30.4
30.4
30.4
30.4
30.4
30.4
30.5
30.5
30.5
30.5
30.4
30.5
30.5
30.5
30.5
30.5
30.5
30.5
30.5
30.5
30.5
30.4
30.5
30.5
30.5
30.5
