27.1
32.4
32.4
32.4
32.3
32.4
32.4
32.4
32.3
32.3
32.3
32.3
32.3
32.3
32.3
32.3
32.3
32.3
32.3
32.3
32.3
32.3
32.3
32.2
32.1
32.1
32.1
32.0
31.9
31.9
31.9
31.9
31.9
31.9
32.0
32.0
32.0
32.0
32.0
32.0
32.0
32.1
32.1
32.1
32.1
32.1
32.1
32.0
31.9
31.9
31.9
31.9
31.9
31.9
31.9
32.0
32.0
32.0
32.0
32.0
32.0
32.0
32.1
32.0
32.1
32.0
32.1
32.1
32.4
32.4
32.3
32.3
32.2
32.2
32.2
32.1
32.5
32.8
33.4
33.2
33.1
33.0
32.9
32.7
32.7
33.2
33.7
33.5
33.3
33.2
33.0
32.9
32.8
32.7
32.7
32.6
32.5
32.7
33.3
33.5
33.6
33.8
33.9
34.0
34.0
34.2
34.1
34.3
34.4
34.5
34.6
34.6
34.6
34.8
34.8
34.8
42.8
43.3
43.9
43.5
32.2
32.2
32.3
32.3
32.4
32.4
32.4
32.3
32.3
32.3
32.3
32.3
32.2
32.2
32.2
32.2
32.1
32.1
32.1
32.0
32.1
32.0
32.0
32.0
31.9
31.9
31.9
31.8
31.8
31.9
31.9
31.9
31.9
31.9
31.9
32.0
32.0
32.0
32.0
32.0
32.1
32.1
32.1
32.1
32.1
