26.8
27.4
27.8
28.3
28.6
29.0
29.2
29.5
29.7
29.9
30.1
30.2
30.3
30.4
30.4
30.5
30.6
30.6
30.7
30.7
30.7
30.7
30.7
30.7
30.7
30.8
30.7
30.7
30.7
30.8
30.7
30.7
30.7
30.7
30.7
30.7
30.6
30.6
30.6
30.6
30.7
30.7
30.7
30.7
30.7
30.7
30.6
30.6
30.7
30.6
30.6
30.7
30.6
30.6
30.6
30.6
30.6
30.6
30.6
30.6
30.7
30.6
30.6
30.6
30.6
30.6
30.6
30.6
30.6
30.6
30.6
30.6
30.6
30.6
30.6
30.7
30.6
30.6
30.6
30.6
30.6
30.5
30.5
30.5
30.5
30.5
30.4
30.4
30.4
30.5
30.4
30.4
30.4
30.4
30.4
30.4
30.4
30.4
30.4
30.4
30.4
30.4
30.4
30.4
30.4
30.6
30.5
30.5
