27.0
27.6
28.2
28.7
29.1
29.5
29.8
30.1
30.3
30.6
30.8
31.0
31.1
31.3
31.4
31.5
31.5
31.6
31.6
31.7
31.7
31.8
31.8
31.8
31.8
31.9
31.8
31.8
31.8
31.9
31.9
31.9
31.9
31.9
31.9
31.9
31.9
31.9
31.9
31.9
31.9
31.9
31.8
31.8
31.9
31.8
31.9
31.9
31.9
31.9
31.9
31.8
31.8
31.8
31.8
31.8
31.8
31.8
31.8
31.8
31.8
31.8
31.8
31.7
31.8
31.7
31.8
31.7
31.8
31.8
31.8
31.8
31.7
31.8
31.8
31.8
31.8
31.8
31.8
31.8
31.8
31.8
31.9
31.8
31.9
31.8
31.8
31.8
31.7
31.7
31.7
31.7
31.7
31.7
31.7
31.8
31.8
31.7
31.8
31.8
31.7
31.7
31.7
31.8
31.7
31.8
31.8
31.7
31.7
31.8
31.8
31.8
31.7
31.8
31.7
31.8
31.7
31.7
31.6
31.7
31.6
31.7
31.6
31.7
31.6
31.7
31.7
31.7
31.7
31.7
31.8
31.7
31.7
31.7
31.7
31.8
31.8
31.7
31.7
31.8
31.8
31.8
31.8
31.8
31.8
31.9
31.8
31.8
31.8
31.9
31.9
31.8
31.8
31.8
31.8
31.8
31.8
31.7
31.8
31.8
31.8
31.7
31.7
31.7
31.7
31.8
