27.0
27.5
27.8
28.2
28.5
28.8
29.0
29.3
29.4
29.7
29.8
30.0
30.1
30.2
30.3
30.4
30.4
30.5
30.5
30.5
30.5
30.6
30.5
30.5
30.6
30.6
30.6
30.7
30.6
30.6
30.7
30.7
30.7
30.7
30.7
30.7
30.7
30.7
30.7
30.7
30.7
30.7
30.7
30.7
30.7
30.7
30.7
30.7
30.7
30.7
30.7
30.7
30.7
30.7
30.6
30.6
30.5
30.5
30.4
30.4
30.4
30.4
30.4
30.3
30.3
30.4
30.4
30.5
30.4
30.5
30.5
30.5
30.5
30.5
30.5
30.5
30.5
30.5
30.5
30.4
30.5
30.4
30.4
30.4
30.4
30.4
30.4
30.4
30.4
30.4
30.4
30.3
30.3
30.2
30.2
30.2
30.2
30.1
30.1
30.1
30.0
30.1
30.1
30.2
30.2
30.3
30.3
30.3
