26.4
26.6
26.9
27.2
27.5
27.7
27.9
28.0
28.3
28.4
28.5
28.6
28.7
28.7
28.7
28.8
28.9
28.9
28.9
28.9
29.0
29.0
29.0
29.0
29.0
29.0
29.0
29.0
29.2
29.2
29.2
29.2
29.2
29.1
29.2
29.3
29.3
29.3
29.2
29.2
29.2
29.2
29.2
29.2
29.1
29.1
29.2
29.1
29.1
29.1
29.1
29.1
29.0
29.0
29.0
28.9
29.0
29.0
29.0
29.1
29.1
29.1
29.0
29.0
29.1
29.1
29.1
29.0
29.1
29.0
29.0
29.0
29.1
29.0
29.0
29.0
29.1
29.1
29.0
29.0
29.0
29.1
29.1
29.1
29.1
29.1
29.1
29.1
29.1
29.0
29.0
29.1
29.0
29.0
29.1
29.1
29.1
29.1
29.1
29.0
29.1
29.1
29.1
29.1
29.1
29.1
29.1
29.0
29.1
29.1
29.1
29.0
29.0
29.0
29.0
29.0
29.0
29.0
29.0
29.0
29.0
29.0
28.9
28.9
28.9
28.9
29.0
29.0
29.0
29.0
28.9
28.9
28.9
28.9
29.0
29.0
28.9
29.0
29.0
28.9
28.9
28.9
29.0
29.0
28.9
28.9
28.9
28.9
28.9
28.9
29.0
29.0
28.9
28.9
28.9
28.9
28.9
28.9
28.9
28.9
28.9
29.0
29.0
29.0
28.9
28.9
29.0
29.0
28.9
28.9
28.9
29.0
29.0
29.0
29.0
29.0
29.0
29.0
29.1
29.1
29.1
29.1
29.0
29.0
29.1
29.0
29.0
29.0
29.0
28.9
28.9
28.9
28.9
28.9
28.9
28.8
28.9
28.9
28.9
28.9
29.0
29.0
