26.6
26.9
27.1
27.4
27.7
27.8
28.0
28.3
28.3
28.5
28.5
28.6
28.6
28.6
28.8
28.8
28.8
28.8
28.8
28.7
28.7
28.7
28.7
28.7
28.7
28.7
28.8
28.7
28.7
28.6
28.7
28.9
28.9
28.9
28.9
28.9
28.8
28.8
28.8
28.8
28.8
28.8
28.7
28.7
28.8
28.7
28.8
28.8
28.7
28.8
28.7
28.7
28.7
28.7
28.7
28.7
28.8
28.7
28.7
28.7
28.7
28.7
28.7
28.7
28.7
28.7
28.7
28.7
28.8
28.7
28.7
28.7
28.7
28.7
28.7
28.7
28.7
28.7
28.7
28.7
28.7
28.6
28.6
28.6
28.5
28.6
28.5
28.5
28.5
28.5
28.6
28.6
28.6
28.6
28.5
28.5
28.5
28.5
28.5
28.5
28.5
28.5
28.5
28.5
28.4
28.4
28.4
28.4
28.5
28.6
28.6
