28.8
29.1
29.5
29.9
30.1
30.4
30.6
30.8
30.9
31.0
31.1
31.3
31.3
31.4
31.5
31.6
31.7
31.7
31.8
31.8
31.8
31.8
31.7
31.7
31.7
31.7
31.7
31.8
31.8
31.8
31.8
31.8
31.8
31.8
31.9
31.8
31.8
31.9
31.9
31.8
31.8
31.8
31.8
31.8
31.9
31.9
31.9
31.8
31.9
31.8
31.8
31.8
31.8
31.8
31.9
31.9
31.9
31.9
31.9
31.9
31.9
31.9
31.9
31.9
31.9
31.9
31.8
31.8
31.8
31.8
31.8
31.8
31.8
31.8
31.8
31.8
31.8
31.8
31.8
31.8
31.9
31.8
31.8
31.7
31.7
31.7
31.6
31.8
31.8
31.8
31.8
31.8
31.8
31.8
31.8
31.8
31.8
31.8
31.8
31.8
31.8
31.8
31.8
31.8
31.8
31.8
31.8
31.8
31.9
31.9
31.9
31.9
31.8
31.8
31.8
31.8
31.8
31.8
31.8
31.8
31.8
31.8
31.8
31.8
31.8
31.8
31.7
31.6
31.7
31.7
31.7
31.7
31.7
31.7
31.8
31.8
31.8
31.8
31.7
31.7
31.7
31.7
31.7
31.7
31.7
31.7
31.7
31.7
31.7
31.7
31.7
31.7
31.7
31.7
31.7
31.8
31.8
31.8
31.8
31.7
31.8
31.8
31.8
31.8
31.8
31.8
31.8
