26.9
27.1
27.4
27.7
27.9
28.1
28.3
28.4
28.5
28.7
28.8
28.8
29.0
29.0
29.0
29.0
29.0
29.0
29.0
29.1
29.1
29.1
29.0
29.0
29.0
29.0
29.0
29.0
29.1
29.1
29.1
29.1
29.1
29.1
29.1
29.1
29.1
29.1
29.1
29.1
29.1
29.1
29.0
29.0
29.0
29.0
29.0
29.0
28.9
28.9
29.0
29.0
29.0
29.0
29.0
28.9
28.9
28.9
29.0
29.0
29.0
29.0
29.0
29.1
29.1
29.0
29.0
29.0
29.0
29.0
29.0
29.0
29.0
29.0
29.0
29.0
29.0
29.0
29.0
29.0
29.0
29.0
28.9
28.9
28.9
28.9
28.9
28.8
28.9
28.9
28.9
28.9
28.9
28.9
28.9
28.8
28.8
28.8
28.8
28.8
28.8
28.8
28.7
28.8
28.8
28.8
28.8
28.8
28.8
28.8
28.7
