26.8
27.3
27.9
28.5
28.9
29.4
29.7
30.1
30.3
30.6
30.8
30.9
31.1
31.2
31.3
31.3
31.4
31.5
31.5
31.6
31.7
31.7
31.7
31.6
31.6
31.6
31.6
31.7
31.8
31.8
31.8
31.8
31.7
31.7
31.7
31.7
31.7
31.8
31.8
31.8
31.9
31.9
31.9
31.9
31.9
32.0
32.0
32.0
32.0
32.0
32.0
32.0
32.0
32.0
32.0
32.0
32.0
32.0
32.0
32.0
32.0
32.0
32.0
31.9
32.0
32.0
32.0
32.0
31.9
32.0
32.0
32.0
32.0
32.0
32.0
32.0
32.0
32.0
31.9
31.9
31.9
31.9
31.9
31.9
31.9
31.9
31.9
31.9
31.9
31.8
31.8
31.7
31.7
31.8
31.8
31.8
31.8
31.9
31.9
31.9
31.9
31.9
31.9
31.9
31.9
31.9
31.9
31.9
31.9
31.9
31.9
31.9
31.9
31.9
31.9
31.9
31.9
31.9
31.9
31.9
31.9
31.9
31.9
31.8
31.8
31.9
31.9
31.9
31.9
31.9
31.9
31.9
31.9
32.0
31.9
32.0
31.9
31.9
31.9
31.9
31.9
31.9
31.9
31.9
31.9
31.9
31.9
31.9
31.9
31.9
32.0
32.0
32.0
31.9
31.9
32.0
32.0
31.9
31.9
32.0
32.0
31.9
31.9
31.9
31.9
31.9
31.9
