26.9
27.3
27.6
27.8
28.0
28.2
28.3
28.7
28.8
28.9
29.0
29.2
29.2
29.2
29.3
29.4
29.4
29.4
29.3
29.3
29.3
29.3
29.3
29.3
29.3
29.4
29.3
29.3
29.3
29.3
29.3
29.2
29.2
29.2
29.2
29.2
29.2
29.2
29.2
29.2
29.3
29.2
29.3
29.3
29.3
29.4
29.4
29.4
29.4
29.4
29.4
29.4
29.4
29.3
29.3
29.3
29.3
29.2
29.2
29.3
29.3
29.2
29.3
29.3
29.3
29.3
29.2
29.2
29.3
29.3
29.3
29.2
29.2
29.3
29.3
29.3
29.3
29.3
29.4
29.4
29.4
29.4
29.4
29.4
29.4
29.4
29.4
29.4
29.4
29.3
29.3
29.3
29.3
29.3
29.3
29.3
29.3
29.3
29.3
29.3
29.3
29.3
29.3
29.3
29.3
29.3
29.3
29.3
29.3
29.4
29.4
29.3
29.3
29.3
29.3
29.3
29.3
29.3
29.3
29.3
29.3
29.3
29.3
29.3
29.3
29.3
29.3
29.3
29.3
29.3
29.3
29.2
29.3
29.3
29.2
29.2
29.4
29.4
29.4
29.3
29.3
29.3
29.4
29.4
29.4
29.3
29.3
29.3
29.3
29.3
29.3
29.3
29.3
29.3
29.3
29.3
29.3
29.3
29.2
29.3
29.2
29.3
29.3
29.3
29.2
29.2
29.2
29.2
29.3
29.2
29.3
29.3
29.3
29.3
29.3
29.3
29.3
29.3
29.2
29.3
29.3
29.3
29.3
29.3
29.3
29.3
29.4
29.4
29.4
29.3
29.3
29.4
29.4
29.3
29.4
29.3
29.3
29.3
29.3
29.3
29.3
29.3
