27.1
27.6
28.1
28.4
28.7
29.0
29.2
29.5
29.6
29.8
29.9
30.1
30.3
30.3
30.3
30.5
30.5
30.6
30.6
30.7
30.7
30.7
30.8
30.8
30.8
30.8
30.8
30.8
30.8
30.7
30.7
30.6
30.6
30.6
30.7
30.7
30.7
30.7
30.7
30.7
30.7
30.6
30.6
30.5
30.5
30.6
30.7
30.6
30.6
30.7
30.7
30.7
30.7
30.8
30.8
30.8
30.8
30.8
30.8
30.9
30.9
30.9
30.9
30.9
30.9
30.9
30.9
30.9
30.9
30.9
30.9
30.8
30.8
30.9
30.9
30.9
30.9
30.8
30.8
30.8
30.7
30.7
30.7
30.7
30.6
30.6
30.7
30.6
30.7
30.7
30.7
30.7
30.6
30.7
30.6
30.6
30.6
30.6
30.7
30.6
30.6
30.6
30.6
30.6
30.6
30.8
30.7
30.7
