26.7
27.1
27.6
28.0
28.3
28.6
28.9
29.2
29.5
29.6
29.8
29.9
30.0
30.1
30.2
30.2
30.3
30.3
30.4
30.4
30.4
30.4
30.3
30.3
30.3
30.3
30.3
30.3
30.3
30.2
30.3
30.3
30.4
30.4
30.3
30.3
30.3
30.3
30.3
30.3
30.4
30.4
30.4
30.4
30.4
30.4
30.5
30.5
30.5
30.5
30.5
30.5
30.4
30.4
30.5
30.4
30.4
30.5
30.5
30.5
30.5
30.5
30.6
30.5
30.5
30.5
30.5
30.5
30.5
30.5
30.5
30.5
30.5
30.4
30.4
30.4
30.4
30.4
30.4
30.3
30.2
30.2
30.2
30.2
30.1
30.2
30.2
30.2
30.2
30.2
30.2
30.2
30.2
30.1
30.1
30.1
30.0
30.1
30.0
30.0
30.1
30.1
30.1
30.1
30.2
30.2
30.2
30.2
30.2
