26.7
27.0
27.2
27.5
27.7
27.8
28.1
28.2
28.3
28.5
28.5
28.6
28.7
28.7
28.7
28.7
28.8
28.8
28.8
28.8
28.8
28.8
28.9
28.9
28.9
28.9
28.9
28.9
28.9
28.9
28.8
28.8
28.8
28.8
28.8
28.8
28.7
28.8
28.8
28.8
28.8
28.8
28.8
28.8
28.8
28.8
28.8
28.8
28.8
28.8
28.8
28.8
28.9
28.9
28.9
28.9
28.9
28.9
28.9
28.8
28.8
28.9
28.9
28.8
28.8
28.8
28.8
28.8
28.8
28.8
28.8
28.9
28.8
28.8
28.8
28.8
28.9
28.9
28.9
28.8
28.8
28.8
28.8
28.7
28.7
28.7
28.7
28.7
28.7
28.7
28.6
28.6
28.6
28.5
28.6
28.5
28.5
28.5
28.5
28.5
28.5
28.6
28.5
28.6
28.6
28.5
28.6
28.5
28.6
28.5
