26.5
26.8
27.0
27.3
27.5
27.6
27.8
27.9
28.1
28.2
28.3
28.6
28.6
28.6
28.7
28.7
28.7
28.7
28.8
28.8
28.8
28.8
28.7
28.7
28.7
28.8
28.8
28.8
28.8
28.8
28.8
28.8
28.8
28.8
28.8
28.7
28.8
28.7
28.8
28.7
28.7
28.7
28.7
28.7
28.7
28.7
28.8
28.7
28.7
28.7
28.7
28.8
28.8
28.7
28.8
28.8
28.7
28.7
28.7
28.7
28.7
28.8
28.8
28.8
28.7
28.7
28.7
28.7
28.7
28.7
28.7
28.7
28.7
28.7
28.7
28.7
28.6
28.7
28.7
28.7
28.6
28.7
28.7
28.6
28.7
28.6
28.6
28.6
28.6
28.6
28.7
28.7
28.6
28.6
28.6
28.6
28.5
28.5
28.5
28.5
28.6
28.6
28.6
28.6
28.5
28.5
28.5
28.5
28.5
28.5
28.5
