27.0
27.6
28.0
28.3
28.7
28.9
29.3
29.5
29.8
30.0
30.2
30.3
30.5
30.6
30.7
30.7
30.8
30.9
30.8
30.8
30.9
31.0
30.9
31.0
31.0
31.1
31.1
31.1
31.1
31.1
31.1
31.1
31.1
31.1
31.0
31.1
31.1
31.0
31.0
31.1
31.1
31.1
31.0
31.0
31.0
31.0
31.0
30.9
30.9
30.9
31.0
31.0
31.0
31.0
30.9
30.9
30.9
30.9
30.8
30.9
30.9
31.0
30.9
30.9
30.9
30.9
30.9
30.9
30.9
30.9
30.9
30.9
30.9
30.9
30.9
30.9
30.9
30.9
30.8
30.8
30.8
30.8
30.8
30.8
30.8
30.8
30.8
30.8
30.8
30.7
30.7
30.7
30.7
30.7
30.7
30.7
30.7
30.7
30.7
30.7
30.7
30.7
30.7
30.6
30.7
30.7
30.6
30.5
30.5
