27.0
27.4
28.1
33.2
33.1
33.0
33.0
32.9
32.8
32.8
32.7
32.6
32.6
32.6
32.5
32.5
32.5
32.5
32.5
32.5
32.5
32.4
32.4
32.4
32.4
32.4
32.3
32.3
32.4
32.3
32.3
32.2
32.2
32.2
32.2
32.2
32.2
32.2
32.2
32.2
32.2
32.2
32.2
32.2
32.2
32.2
32.2
32.2
32.2
32.2
32.2
32.1
32.1
32.1
32.1
32.1
32.1
32.1
32.1
32.1
32.1
32.1
32.1
32.0
32.1
32.0
32.1
32.1
32.1
32.1
32.1
32.1
32.0
32.0
32.0
32.1
32.1
32.1
32.0
32.0
32.0
32.0
32.0
32.0
32.0
32.0
32.0
32.0
32.0
32.0
32.0
32.0
32.0
31.9
31.9
32.0
32.0
32.0
32.0
32.0
32.0
32.0
32.1
32.1
32.1
32.1
32.1
32.1
32.1
32.1
32.1
32.1
32.1
32.0
32.0
32.1
32.1
32.0
32.0
32.0
32.0
32.0
32.0
32.0
32.0
32.0
32.0
32.0
32.0
32.0
32.1
32.1
32.1
32.1
32.2
32.2
32.1
32.1
32.1
32.2
32.1
32.1
32.1
32.0
32.1
32.1
32.0
32.0
32.1
32.1
32.0
32.0
32.0
32.0
32.0
32.0
32.0
31.9
32.0
32.0
32.1
32.0
32.0
32.0
32.1
32.0
32.1
