27.2
27.8
28.3
28.7
29.1
29.5
29.9
30.1
30.3
30.6
30.7
30.9
31.1
31.2
31.4
31.5
31.5
31.6
31.6
31.7
31.8
31.8
31.8
31.9
31.9
31.9
31.9
31.9
31.9
31.9
31.9
32.0
32.0
32.0
31.9
32.0
31.9
31.9
31.9
32.0
32.0
32.0
32.0
32.0
32.0
32.0
32.0
32.0
32.0
31.9
32.0
32.0
31.9
31.9
31.9
31.9
31.9
31.8
31.8
31.8
31.8
31.8
31.9
31.9
31.8
31.8
31.8
31.8
31.8
31.8
31.8
31.8
31.8
31.8
31.8
31.8
31.8
31.8
31.8
31.8
31.8
31.8
31.8
31.8
31.8
31.8
31.8
31.8
31.8
31.8
31.8
31.9
31.9
31.9
31.9
31.8
31.9
31.9
31.8
31.8
31.8
31.8
31.8
31.8
31.8
31.8
31.8
31.8
31.8
31.8
31.8
31.8
31.8
31.7
31.8
31.7
31.8
31.8
31.8
31.8
31.7
31.8
31.7
31.7
31.7
31.7
31.7
31.7
31.7
31.7
31.8
31.8
31.8
31.8
31.7
31.7
31.7
31.7
31.7
31.8
31.8
31.8
31.8
31.8
31.8
31.8
31.8
31.8
31.8
31.8
31.8
31.8
31.8
31.8
31.8
31.8
31.8
31.9
31.9
31.9
31.9
31.9
31.8
31.8
31.8
31.8
