26.8
27.1
27.4
27.6
27.8
28.0
28.2
28.3
28.4
28.5
28.6
28.6
28.8
28.9
28.9
29.0
29.0
29.0
29.1
29.1
29.1
29.0
29.0
29.1
29.0
29.0
29.0
29.0
29.0
29.0
29.0
29.0
29.0
29.0
29.0
29.1
29.1
29.0
29.1
29.0
29.0
29.0
28.9
28.9
28.8
28.8
28.8
28.8
28.9
28.8
28.9
28.9
28.9
28.9
28.9
28.9
28.9
28.9
29.0
28.9
28.9
28.9
29.0
29.0
28.9
28.9
28.9
28.9
29.0
28.9
29.0
28.9
28.9
28.9
28.9
28.9
28.9
28.9
28.9
28.8
28.8
28.9
28.9
28.9
28.8
28.8
28.8
28.8
28.8
28.8
28.8
28.8
28.8
28.7
28.7
28.7
28.7
28.7
28.7
28.7
28.8
28.7
28.8
28.8
28.7
28.8
